第1次
train_loss为12.140911765033247
pre: [0.9265067017876006, 0.9028686669136108, 0.8670206198296085, 0.8162050184522095, 0.7350290159278924, 0.5897161515139043, 0.3673978954877831, 0.17465805106254545, 0.0511722983633096, 0.004787971080105912], rec: [0.7953223261181902, 0.7750312080457875, 0.7442588972372047, 0.7006382928610123, 0.6309560260969923, 0.5062180559153967, 0.3153779117695551, 0.14992816261158348, 0.043926796523541464, 0.00411004074710884]
ap: [0.7472922954162157, 0.7083517974855199, 0.6574212771380797, 0.5844929396696774, 0.47366900926221106, 0.3043596920039677, 0.12139954436557247, 0.02799660037600959, 0.0028557406975442522, 4.024550524447666e-05]
map50: 0.7472922954162157, map50_95: 0.36278791419200423
rss: 1.5284658432703104
第2次
train_loss为11.623787178986982
pre: [0.9619252160095342, 0.9515592412354752, 0.9371089482570265, 0.9139934452279272, 0.8683086701757871, 0.7457170523388619, 0.5090500546231006, 0.24786473333995432, 0.07734134472142219, 0.011532922832456053], rec: [0.906936186151037, 0.8971627885200618, 0.8835385551758042, 0.8617444636921204, 0.8186712861089003, 0.7030876913713189, 0.4799499040217239, 0.23369539772461256, 0.0729200805281146, 0.010873636406198792]
ap: [0.8844311220792345, 0.8681510343549175, 0.8450438113881591, 0.8115195820442554, 0.7193988273074239, 0.5345947056552517, 0.259508044559743, 0.06312365874722879, 0.006660662638457535, 0.00020365813545596714]
map50: 0.8844311220792345, map50_95: 0.49926351069101277
rss: 0.9146973863148019
第3次
train_loss为11.472856626612058
pre: [0.8704256432744402, 0.8463638549785693, 0.8175208295022138, 0.7827790587469764, 0.7376685103192678, 0.6726267098581189, 0.5728855756581274, 0.4062212666034827, 0.1923387039735193, 0.028560112033723283], rec: [0.7190282549253313, 0.6991516511252892, 0.6753254341068966, 0.6466264694197107, 0.6093622192619599, 0.5556334571969431, 0.4732407861833649, 0.3355652153590876, 0.158884292692047, 0.023592512094229825]
ap: [0.6594339278542012, 0.6323937184795665, 0.5993918472836761, 0.5539131121323362, 0.4989834112927364, 0.41883036119671097, 0.30980074057585344, 0.15817009216963326, 0.03451552757709082, 0.0009349248903759298]
map50: 0.6594339278542012, map50_95: 0.38663676634521804
rss: 4.396631077111423
第4次
train_loss为11.47087251084827
pre: [0.9974627637081238, 0.9966522576704412, 0.9952544284170465, 0.9929286284828267, 0.9885471972936146, 0.9790208147347649, 0.9585819668279848, 0.9031504017290796, 0.6927242400037589, 0.2245571582953531], rec: [0.9892588364127776, 0.9884549966215429, 0.9870686642279644, 0.9847619935226822, 0.9804165987091964, 0.9709685686991775, 0.950697826137608, 0.8957221743283861, 0.6870267247605956, 0.22271022158018594]
ap: [0.9915500254736871, 0.9905632199516118, 0.9895918706471679, 0.9877033369731647, 0.9801672398480606, 0.9670485145271215, 0.9328030588112745, 0.8329243312124995, 0.5063551141316072, 0.05860897176335244]
map50: 0.9915500254736871, map50_95: 0.8237315683339548
rss: 0.10612618738027393
第5次
train_loss为11.381365448003839
pre: [0.973297016280487, 0.9626755220576346, 0.9480989515316592, 0.9279131375694937, 0.8955138489857344, 0.8438366727609666, 0.7564394363394401, 0.6118055296444163, 0.3673867890501598, 0.055470567018643585], rec: [0.9294724089602584, 0.9193291683492886, 0.9054089365037888, 0.8861320284105756, 0.8551915813478396, 0.8058412713495023, 0.7223792669311352, 0.5842577855904221, 0.3508444782288524, 0.05297289593082642]
ap: [0.9176840632477261, 0.8953523774457456, 0.8731768969573469, 0.8475400604820396, 0.7912354039023225, 0.7072271441722552, 0.5794690302014054, 0.3895182809405374, 0.1524371971340091, 0.003704155249520006]
map50: 0.9176840632477261, map50_95: 0.6157344609732908
rss: 0.7777155892766296
第6次
train_loss为11.371814860408195
pre: [0.9984915968881762, 0.9980521408634717, 0.9971613516242057, 0.9957242116515232, 0.9929211948452996, 0.9883841083199715, 0.9766850763109448, 0.935839420393135, 0.7327157194607756, 0.27476691014905874], rec: [0.990596941060024, 0.9901609596304762, 0.9892772134895012, 0.9878514363820611, 0.9850705818584592, 0.9805693681804256, 0.9689628355289516, 0.9284401291447694, 0.726922442438668, 0.27259444300426555]
ap: [0.9930154466874738, 0.9930154466874738, 0.9920191752604574, 0.9905799766547908, 0.9836611964883056, 0.9778138758460337, 0.9604153896748392, 0.8842201916428516, 0.5393145054219244, 0.08099311127529547]
map50: 0.9930154466874738, map50_95: 0.8395048315639446
rss: 0.12779032048363512
第7次
train_loss为11.362146879994265
pre: [0.9975836014946309, 0.9964638070653135, 0.9949314567936159, 0.9924325471197708, 0.9865153176090621, 0.9738911088322312, 0.9420300104907057, 0.843334865683605, 0.5873262845220836, 0.18937491896224526], rec: [0.9928206090751255, 0.9917061611374408, 0.9901811271174511, 0.9876941485617756, 0.9818051710384309, 0.9692412369199005, 0.9375322603350382, 0.8393083384167801, 0.584522077800197, 0.18847074280887804]
ap: [0.9935521067974401, 0.9917104493554799, 0.9902396397713035, 0.9878950425653589, 0.983001014979253, 0.9594151120830124, 0.9074961016534404, 0.73931996318479, 0.3648921057354356, 0.03972605602425747]
map50: 0.9935521067974401, map50_95: 0.7957247592149772
rss: 0.20268891779910453
第8次
train_loss为11.334551295862392
pre: [0.9985400420183029, 0.9981246068202589, 0.9972699972699973, 0.9959880829446047, 0.9938278199147764, 0.9892580327362936, 0.9809018504670679, 0.9566641740554784, 0.8570546831416397, 0.3493810015549146], rec: [0.9938332860788205, 0.9934198090917683, 0.9925692278612608, 0.9912933560154995, 0.9891432756828277, 0.9845950288252528, 0.9762782345714016, 0.9521548057839524, 0.853014837917021, 0.3477341461109536]
ap: [0.992538424336975, 0.9911474447852358, 0.990221348207973, 0.9878589220360754, 0.9819115431070593, 0.9724171598827188, 0.9582171022493096, 0.9137653317776343, 0.7414832877948008, 0.12370642767579595]
map50: 0.992538424336975, map50_95: 0.8653266991853578
rss: 0.09035733331883303
第9次
train_loss为11.330071336086714
pre: [0.9985946832181755, 0.998091111371355, 0.9972244993558965, 0.995901159386345, 0.9938283171331538, 0.9896474997072257, 0.9816371940508256, 0.9642815317952922, 0.9156575711441621, 0.5789319592458133], rec: [0.9935102007526769, 0.9930091929113216, 0.9921469933703846, 0.9908303913686836, 0.9887681032775234, 0.9846085730597598, 0.9766390529786664, 0.9593717594696307, 0.9109953744159763, 0.5759842473813602]
ap: [0.9943934673306732, 0.9939259679564805, 0.9920755884942433, 0.9906642201091728, 0.98839074316108, 0.9831776249689016, 0.9679180743708744, 0.9393244660697929, 0.8515727923530654, 0.34928953023013276]
map50: 0.9943934673306732, map50_95: 0.9050732475044416
rss: 0.07729103716615582
第10次
train_loss为11.327551148780987
pre: [0.9985314332037079, 0.9979675035539316, 0.9967809015825276, 0.9947953992739406, 0.9917055347345418, 0.9849383789372276, 0.9690073663310502, 0.9047546318596755, 0.6104890914858372, 0.11794353654381616], rec: [0.9923523299123145, 0.9917918899669574, 0.9906126309152685, 0.9886394152743236, 0.9855686714070545, 0.9788433920627693, 0.963010963606431, 0.8991558373323059, 0.6067112683456514, 0.11721367940499959]
ap: [0.9928994328278571, 0.9924499731941853, 0.9910772196247174, 0.9880179872011046, 0.9835248467176042, 0.968710215132696, 0.9436543253626232, 0.8342814448901054, 0.39683670365166757, 0.015994992406941418]
map50: 0.9928994328278571, map50_95: 0.8107447141009502
rss: 0.11932598194906532
第11次
train_loss为11.30528992388194
pre: [0.9983045060107617, 0.9973036935865585, 0.9957141679716476, 0.9930296358220202, 0.9882846075049158, 0.978959390564105, 0.960049922878572, 0.8910762854552519, 0.6417209263990769, 0.1642627544712767], rec: [0.9889888138479663, 0.9879973405185989, 0.9864226475837212, 0.9837631661825944, 0.9790624161621817, 0.9698242176108992, 0.9510912038819097, 0.8827611949003278, 0.6357326987904025, 0.16272993432947241]
ap: [0.9926814113564134, 0.9917449447801646, 0.9894378299310835, 0.9852752014877582, 0.9778953599512822, 0.9604692825991393, 0.9260816373554578, 0.7999237607117716, 0.44113729768939736, 0.033790085342843765]
map50: 0.9926814113564134, map50_95: 0.8098436811205312
rss: 0.13814475735309376
第12次
train_loss为11.288725066942742
pre: [0.9987937556359718, 0.9982901778917659, 0.9974352668376488, 0.9960299335980044, 0.9937228448629215, 0.9892374896063896, 0.9798686013420932, 0.9538465141880101, 0.8439026104064926, 0.3577275761514949], rec: [0.9946005201226836, 0.9940990565487644, 0.9932477346674596, 0.9918483014379177, 0.9895508985527528, 0.9850843741617978, 0.9757548192981842, 0.9498419806644975, 0.8403596543399923, 0.3562257285799251]
ap: [0.9962266225189772, 0.9962266225189769, 0.995283083767599, 0.993883833885064, 0.9901732297210144, 0.9851767581379459, 0.9663195504216732, 0.9191089795510164, 0.7335388541991984, 0.14097251884632267]
map50: 0.9962266225189772, map50_95: 0.8716910053567789
rss: 0.09750663082605324
第13次
train_loss为11.307644190027167
pre: [0.9991430919121963, 0.9987087686348163, 0.9976992604765818, 0.9961145674374927, 0.9933442892358259, 0.9876746096959738, 0.9766639276910436, 0.949184176546543, 0.8514262237351802, 0.43583753961732596], rec: [0.9936261863348237, 0.993194261232971, 0.9921903272124488, 0.9906143842732569, 0.9878594025425212, 0.9822210289156346, 0.9712711439011008, 0.9439431259703722, 0.8467249570993312, 0.43343100288339187]
ap: [0.9961001185498303, 0.9956129295187865, 0.9941739338721078, 0.9918051276140567, 0.9889548006128631, 0.9822991534749632, 0.9632787726705343, 0.9220883406143449, 0.7484286319852229, 0.20420969380376547]
map50: 0.9961001185498303, map50_95: 0.8786951502716475
rss: 0.12844744610289616
第14次
train_loss为11.25438786119519
pre: [0.9989345329702853, 0.9984846691132947, 0.9980229667337517, 0.997052207884456, 0.99508701314076, 0.9920208357996922, 0.9848703681780514, 0.968426660352788, 0.9013259145258672, 0.3250266366757429], rec: [0.9955754822724323, 0.9951271311427055, 0.9946669812990384, 0.9936994867559436, 0.9917409002418737, 0.9886850333313669, 0.9815586101114978, 0.9651701964485871, 0.8982950858356439, 0.3239336912276562]
ap: [0.9941563841683908, 0.9928172561315105, 0.9923322275039546, 0.9900645555183943, 0.9868723176987224, 0.9813650378973676, 0.9680146045880789, 0.9404198097820438, 0.8255286566116812, 0.11488051022531115]
map50: 0.9941563841683908, map50_95: 0.8786451360125455
rss: 0.06593620321288914
第15次
train_loss为11.28452354046245
pre: [0.9990698988662184, 0.9987520162002426, 0.9980456102758515, 0.9971272825741432, 0.9956556035649953, 0.9929359407560898, 0.9870256778553517, 0.9725914501336285, 0.92422619117699, 0.5962536939143129], rec: [0.9957054350887075, 0.9953886229231202, 0.9946845958884821, 0.9937693607434526, 0.9923026377546231, 0.9895921336712663, 0.9837017741481273, 0.9693161550736882, 0.9211137707687975, 0.5942457523702244]
ap: [0.9947446477782125, 0.9947460002879756, 0.9942963820644025, 0.9929374253136182, 0.9913592417862885, 0.9875513853807654, 0.9762013675089446, 0.9533409056189808, 0.8593436015503122, 0.3670360287751965]
map50: 0.9947446477782125, map50_95: 0.9111556986064697
rss: 0.05937233478263846
第16次
train_loss为11.278753966462276
pre: [0.9989048774169238, 0.9982807752996867, 0.9975271425543439, 0.9961494076917642, 0.993181978756977, 0.9878594474929936, 0.9774734462212383, 0.9480228915946398, 0.7633946444973034, 0.16138338710816985], rec: [0.9925815850133977, 0.9919614336028457, 0.9912125715221792, 0.9898435580309608, 0.9868949135883365, 0.9816060751436294, 0.9712858195944444, 0.9420216935983993, 0.7585621848051204, 0.160361793992722]
ap: [0.9918996913858962, 0.991448420384035, 0.9914247165682766, 0.9904725680358499, 0.9857186868812776, 0.979082465486045, 0.965877265469669, 0.9267996076132543, 0.5955295047028697, 0.02839118375126295]
map50: 0.9918996913858962, map50_95: 0.8446644110278436
rss: 0.11624271252924748
第17次
train_loss为11.27265939649445
pre: [0.999036801240412, 0.9988958453243748, 0.9983437679865622, 0.9974158082059836, 0.9961354586353118, 0.9938684176523792, 0.9892051260968132, 0.9781988183195706, 0.9350663080121692, 0.595867642394841], rec: [0.9962049780380674, 0.9960644216691069, 0.9955139092240117, 0.9945885797950219, 0.993311859443631, 0.9910512445095169, 0.9864011713030747, 0.9754260614934114, 0.9324158125915081, 0.5941786237188873]
ap: [0.9965386958171711, 0.9965383216495488, 0.9961061907038565, 0.9952104377812638, 0.9930555700546299, 0.9899116807583178, 0.9814836651874936, 0.9638006744910861, 0.8890152495248952, 0.35882032173546674]
map50: 0.9965386958171711, map50_95: 0.9160480807703729
rss: 0.05229375306456722
第18次
train_loss为11.25189428404484
pre: [0.9992991042790278, 0.9989070778588229, 0.9983843759652166, 0.9974934068283875, 0.9960678562094609, 0.9939770486350353, 0.9890232602342655, 0.9780702796455131, 0.9233528950557153, 0.32964670103827604], rec: [0.9956678700361011, 0.9952772681541102, 0.994756465644789, 0.9938687340948097, 0.9924483636148429, 0.9903651535775582, 0.9854293661596734, 0.9745161863052613, 0.9199976327158668, 0.32844883707166955]
ap: [0.9948354269897411, 0.9943664392734037, 0.9938993800859108, 0.9915873147498723, 0.988760843339402, 0.9868403743981224, 0.9782239524164418, 0.9547678053275617, 0.854134482225728, 0.11453698506185178]
map50: 0.9948354269897411, map50_95: 0.8851953003868035
rss: 0.0688721116952158
第19次
train_loss为11.243021224316449
pre: [0.9989825615786858, 0.998497503726664, 0.9979651231573717, 0.9968767006601519, 0.9948418238175236, 0.9909850223599839, 0.9832714194449045, 0.9663417173414097, 0.9020774672881717, 0.5169060407448596], rec: [0.9950623976242944, 0.9945792432152158, 0.9940489517906174, 0.9929648004336605, 0.9909379087663065, 0.9870962420014376, 0.9794129084717001, 0.9625496411694694, 0.8985375740934962, 0.5148776205234565]
ap: [0.9957910732032779, 0.9934588014594883, 0.9929928618951155, 0.990648327996558, 0.988273049944306, 0.9840425531252899, 0.9708004941679264, 0.9453523301218849, 0.8358494932130451, 0.2860289407546498]
map50: 0.9957910732032779, map50_95: 0.8983237925881541
rss: 0.10111850207581914
第20次
train_loss为11.245237641218448
pre: [0.9989159636140831, 0.998397511429514, 0.9978201442239714, 0.9966654098128859, 0.9948508271668944, 0.9915869350049489, 0.983869067257388, 0.9620940755054909, 0.8701630767780554, 0.285042654475185], rec: [0.9970714495736548, 0.9965539547192003, 0.9959776536312849, 0.9948250514554543, 0.9930138194648632, 0.9897559541311379, 0.9820523375477801, 0.960317553660688, 0.8685563069685387, 0.28451631872978533]
ap: [0.9968176721099637, 0.9954576032914384, 0.9945354398313232, 0.9926461862417626, 0.9898398556202489, 0.9852872665901711, 0.971030367157448, 0.9325473202665508, 0.7761881443052218, 0.09656708569480184]
map50: 0.9968176721099637, map50_95: 0.873091694110893
rss: 0.08481727732429212
第21次
train_loss为11.227889235984831
pre: [0.9991666666666666, 0.9987976190476191, 0.9983333333333333, 0.9975833333333334, 0.9958928571428571, 0.9926547619047619, 0.9847261904761905, 0.9576309523809524, 0.8441309523809524, 0.35041666666666665], rec: [0.996793349168646, 0.9964251781472684, 0.9959619952494062, 0.9952137767220902, 0.9935273159144893, 0.9902969121140143, 0.9823871733966746, 0.9553562945368171, 0.842125890736342, 0.34958432304038006]
ap: [0.9971180638880208, 0.9971181443037027, 0.9966379883967873, 0.9956801979163712, 0.9923283922309586, 0.98797442655359, 0.9792234335449277, 0.9336347190324027, 0.7190059424720142, 0.13877765613414472]
map50: 0.9971180638880208, map50_95: 0.873749896447292
rss: 0.07234619794355904
第22次
train_loss为11.233009670365234
pre: [0.999218476612621, 0.9987868890703371, 0.9983553015280532, 0.997655429837863, 0.9963023445701621, 0.9945060072320074, 0.9907267001049808, 0.9824215560480578, 0.9526420156304678, 0.6835180216960224], rec: [0.9972061511239422, 0.9967754327555499, 0.9963447143871577, 0.9956462521681432, 0.9942958918780485, 0.992503172182578, 0.9887314761998999, 0.9804430578675949, 0.9507234904485291, 0.6821414851634984]
ap: [0.9986054806665904, 0.9976767252570486, 0.9976767252570486, 0.9967444933502217, 0.9958063111566027, 0.9910895782370297, 0.9865258198709921, 0.9731136072905651, 0.9144617270541182, 0.4965469611854987]
map50: 0.9986054806665904, map50_95: 0.9348247429325716
rss: 0.07431908160248432
第23次
train_loss为11.233769266894747
pre: [0.9992361209044328, 0.9988483053636065, 0.9983077140036666, 0.9973793071029003, 0.996157100549993, 0.993747943402435, 0.9889531330794904, 0.9766370516617309, 0.9257274479387017, 0.5470784562591078], rec: [0.9970566851943057, 0.9966697155186566, 0.9961303032435095, 0.9952039212927133, 0.9939843804967283, 0.9915804779661812, 0.986796125612702, 0.9745069068223926, 0.9237083421280987, 0.5458852224489318]
ap: [0.997695750954663, 0.9963178021824143, 0.9944801840476797, 0.9935656793520782, 0.9917337243744261, 0.9885451025752482, 0.9813869563003502, 0.9602422262306739, 0.860254044536727, 0.3137408309395259]
map50: 0.997695750954663, map50_95: 0.9077962301493786
rss: 0.08679792090851461
第24次
train_loss为11.23939018300103
pre: [0.9991527218809574, 0.99891736684789, 0.9984231212784486, 0.9976346819176728, 0.9963284614841489, 0.9941043564216621, 0.989609075290075, 0.9737343783096801, 0.7264115418108216, 0.32664925039421966], rec: [0.9971578897918918, 0.9969230046507258, 0.9964297458542772, 0.9956428806313713, 0.9943392680979001, 0.9921196035138817, 0.9876332973176117, 0.971790294545967, 0.7249612439517076, 0.32599708742424954]
ap: [0.9986808162842212, 0.9982411402143381, 0.9982405695497933, 0.9978010637372331, 0.9964852569340032, 0.9932569670913561, 0.984514004259852, 0.951862287674015, 0.5339430997336819, 0.10935449627663563]
map50: 0.9986808162842212, map50_95: 0.8562379701755131
rss: 0.07639490901497521
第25次
train_loss为11.229180269826289
pre: [0.9989612597086805, 0.9985835359663826, 0.9979107155504143, 0.9969191907268822, 0.9953020609551689, 0.9925517599565618, 0.9862484950069643, 0.9623928799074577, 0.8482967019995751, 0.43890318468330225], rec: [0.9967845659163987, 0.9964076652179547, 0.9957363108488511, 0.9947469465154353, 0.9931333404002214, 0.9903890321896752, 0.9840995017843892, 0.9602958670482786, 0.8464482998245056, 0.4379468334452257]
ap: [0.9971872300830454, 0.9971872149996438, 0.9967317821363544, 0.995338883733234, 0.9925267360480723, 0.9892858502923836, 0.9756299912617759, 0.942226477671855, 0.7401275502745517, 0.21664857714356994]
map50: 0.9971872300830454, map50_95: 0.8842890293644485
rss: 0.051402173258917154
第26次
train_loss为11.219958109764864
pre: [0.9992799216176974, 0.9989611983993012, 0.998335556526153, 0.9974384096891858, 0.9961044939973794, 0.9935429036865652, 0.9885613778286686, 0.9760485403657054, 0.9310259346263265, 0.5971574610744513], rec: [0.9953555093066186, 0.9950380377908685, 0.9944148529636554, 0.9935212294378403, 0.9921925523534045, 0.9896410220231167, 0.9846790598139852, 0.9722153632697215, 0.927369572118946, 0.5948122802685574]
ap: [0.9952221691352127, 0.994745631780885, 0.9937937289780594, 0.9928410875945768, 0.991037085277981, 0.9873675427887983, 0.9766641303895386, 0.9591968679220185, 0.8785957912332177, 0.37393196791627176]
map50: 0.9952221691352127, map50_95: 0.9143396003016561
rss: 0.07689539244640876
第27次
train_loss为11.257542696794852
pre: [0.9992713854253581, 0.9989070781380373, 0.9984135005229572, 0.9976613822523592, 0.9965919640863525, 0.9948174350416603, 0.9909980844487796, 0.9822664614010553, 0.9471284359465526, 0.6069829480685838], rec: [0.9974661864933664, 0.997102537332692, 0.9966098513730689, 0.9958590918155478, 0.9947916055696975, 0.9930202822386711, 0.9892078313606344, 0.9804919821225381, 0.9454174340445998, 0.6058864241556887]
ap: [0.9972054028877504, 0.9972054028877504, 0.9962753776416845, 0.9958106532440612, 0.9939168173947739, 0.9907453808938192, 0.9852343325322368, 0.9700286623621203, 0.9054594637033739, 0.3917797775484244]
map50: 0.9972054028877504, map50_95: 0.9223661271095995
rss: 0.059082534574338194
第28次
train_loss为11.228317629131574
pre: [0.9990419889244573, 0.9986681309437577, 0.9982709068392644, 0.9974063602588966, 0.9961445895740355, 0.9934691683996542, 0.9861438885903218, 0.9478818608780989, 0.6818118092389653, 0.18417178774213147], rec: [0.9958656992791177, 0.9954930299183621, 0.9950970687225593, 0.994235270825812, 0.9929775117332619, 0.9903105966203547, 0.98300860633305, 0.9448682264432203, 0.6796441007604784, 0.1835862438422211]
ap: [0.9958826072437071, 0.9958821657613182, 0.9940603891702829, 0.9931346498598275, 0.9913025315177267, 0.9858516276364967, 0.9730471966501361, 0.9048699844626599, 0.4963703108320178, 0.03943674469147709]
map50: 0.9958826072437071, map50_95: 0.836983820782565
rss: 0.10746065576639134
第29次
train_loss为11.227969710819895
pre: [0.9992697290930507, 0.9989752650176679, 0.9985983510011779, 0.9979151943462897, 0.9967373380447585, 0.9946054181389871, 0.9908127208480565, 0.9824734982332155, 0.9551825677267374, 0.7421908127208481], rec: [0.9970735835086441, 0.9967797665918413, 0.9964036809383338, 0.9957220256913512, 0.9945467580241399, 0.9924195235464877, 0.9886351616580676, 0.9803142665742123, 0.9530833147249286, 0.740559662463126]
ap: [0.9990749568284503, 0.9990744395946409, 0.9981687088482141, 0.9972322621908533, 0.9953769211216286, 0.9920873847897219, 0.988072047976046, 0.9712343446317684, 0.9182924042031302, 0.5738168693481095]
map50: 0.9990749568284503, map50_95: 0.9432430339532563
rss: 0.05733159461690005
第30次
train_loss为11.196608841221664
pre: [0.9994364940538383, 0.999131261666334, 0.9986616733778659, 0.9977342365081415, 0.9964780878364894, 0.9931674904027894, 0.9788567873117244, 0.9127974548314765, 0.6704311994458858, 0.162817999319097], rec: [0.9967334800730576, 0.9964290731981454, 0.9959607549290498, 0.9950358263475858, 0.9937830749777549, 0.9904814311806304, 0.9762094319299396, 0.9103287594249052, 0.6686179927878987, 0.16237765185219877]
ap: [0.9954603912219963, 0.9950077098358062, 0.99500919275946, 0.9945260088313962, 0.9923028054532266, 0.9866647535338612, 0.9616850394775266, 0.8396338235922407, 0.44793664771790737, 0.03060290025214203]
map50: 0.9954603912219963, map50_95: 0.8238829272675563
rss: 0.08434678312176835
第31次
train_loss为11.216847024432457
pre: [0.9989752529476201, 0.9985276622810634, 0.9979858420004947, 0.9967844144218424, 0.9944051166680409, 0.989128258283372, 0.9743106514799939, 0.9271605083687676, 0.7290309662069047, 0.26869574435505716], rec: [0.9955979198704028, 0.9951518424172703, 0.994611853921373, 0.9934144881261225, 0.9910432342963128, 0.9857842159014873, 0.9710167044267318, 0.9240259664033245, 0.7265662601101107, 0.26778733844365926]
ap: [0.9956742179223036, 0.9951945152168954, 0.9942341641753251, 0.991874167484755, 0.9890070822094332, 0.9778929930890794, 0.9505056252843306, 0.8703277060115912, 0.5521755365394554, 0.08162375497497484]
map50: 0.9956742179223036, map50_95: 0.8398509762908144
rss: 0.08139262215042978
第32次
train_loss为11.20828906549309
pre: [0.9992335899824315, 0.9989034441287097, 0.9985850891983351, 0.9979247974908915, 0.9966277959226987, 0.9947058754171039, 0.990956361792692, 0.9808043767907465, 0.9152704248269682, 0.20616429472592], rec: [0.9968827563491783, 0.9965533872087141, 0.996235781251838, 0.9955770429709097, 0.994283092776229, 0.992365693851384, 0.988625001470398, 0.9784969004011246, 0.9131171260189858, 0.20567926503628942]
ap: [0.9968470835522859, 0.9968470835522859, 0.9968470835522859, 0.9963226962407866, 0.9957963884120488, 0.9947462472898132, 0.9884570349344362, 0.9780193357822775, 0.8606120235244369, 0.04890696428509439]
map50: 0.9968470835522859, map50_95: 0.8853401941125751
rss: 0.06378093587770164
第33次
train_loss为11.204622067542333
pre: [0.9992117739791296, 0.998905895224762, 0.9984470770932107, 0.9976470865048647, 0.9963529840825402, 0.9937883083728427, 0.9884824884413125, 0.9766120398583547, 0.940930106704627, 0.604781120222115], rec: [0.9956625715089562, 0.9953577792366126, 0.9949005908280971, 0.9941034418081215, 0.9928139360405139, 0.9902583700647097, 0.9849713964175185, 0.9731431116946451, 0.9375879208477914, 0.6026329363218607]
ap: [0.9941714923891871, 0.9937239244695605, 0.9923829109209724, 0.9919345639445425, 0.9905813591810507, 0.987955302657526, 0.9804383268862499, 0.9617303432629467, 0.89878899406551, 0.411700639286393]
map50: 0.9941714923891871, map50_95: 0.9203407857063939
rss: 0.06419285685262409
第34次
train_loss为11.205610427608764
pre: [0.999356988367335, 0.9990413281112994, 0.998597065528731, 0.997813760448939, 0.9965160460630151, 0.9941778219442333, 0.9896182849126088, 0.9791547319810604, 0.9435435786520138, 0.7043666335418249], rec: [0.9970140897639265, 0.9966991695437156, 0.9962559484930484, 0.995474479798451, 0.9941798077820285, 0.9918470654100962, 0.9872982177848278, 0.9768591956704301, 0.941331529345899, 0.7027153121209294]
ap: [0.9985754985754985, 0.9981002165461376, 0.9971500407799222, 0.9957280642189983, 0.9938727176523096, 0.9915464944604835, 0.982783472313449, 0.9619519937187637, 0.901093357888108, 0.5113090004266143]
map50: 0.9985754985754985, map50_95: 0.9332110856580285
rss: 0.059939272816702215
第35次
train_loss为11.18662525078306
pre: [0.9992318782349744, 0.9989837158185815, 0.9985937463071068, 0.9976365484153057, 0.9960884876273309, 0.9934886908841672, 0.9885018080404623, 0.978693483963981, 0.9443643496962965, 0.5569828177069793], rec: [0.9979582202289626, 0.9977103741295881, 0.9973209016877139, 0.9963649238758409, 0.9948188363035525, 0.9922223533577246, 0.9872418269798182, 0.977446004956922, 0.9431606278767851, 0.5562728667532161]
ap: [0.9975861836123119, 0.9975861836123119, 0.9971026662603267, 0.995658767948531, 0.9932808179109875, 0.9882723629376097, 0.9790337919640534, 0.9574260905461256, 0.8882931603621411, 0.32311091673415565]
map50: 0.9975861836123119, map50_95: 0.9117350941888555
rss: 0.052346028153895
第36次
train_loss为11.192926630190772
pre: [0.9992770541735307, 0.9989926164713133, 0.9985778114889129, 0.998008936084478, 0.9971319198359743, 0.9954726999063725, 0.9918935254868033, 0.9818315417708617, 0.7782926626924399, 0.3086267584768361], rec: [0.9968551228393748, 0.9965713745241305, 0.9961575748977324, 0.9955900782672437, 0.9947151876285735, 0.9930599891229812, 0.9894894894894894, 0.9794518928377196, 0.77640632758743, 0.3078787448866189]
ap: [0.9950832446488946, 0.9941035038660547, 0.9941025778745787, 0.9931652168680057, 0.9921679729305879, 0.9879214267359301, 0.9807887844730921, 0.9650736768434836, 0.6196308087004816, 0.09830521180203626]
map50: 0.9950832446488946, map50_95: 0.8620342424743145
rss: 0.06577833089079112
第37次
train_loss为11.224383412375717
pre: [0.9992965672481711, 0.9991207090602139, 0.9986634777715251, 0.9978897017445132, 0.9966704183080097, 0.9948180453948603, 0.9914767398236729, 0.9822265991371225, 0.8476364659538548, 0.21018570624648283], rec: [0.9976006835125993, 0.9974251237696188, 0.9969686684378694, 0.9961962055687551, 0.9949789913507566, 0.9931297620580284, 0.9897941269413981, 0.9805596844606219, 0.8461979611661848, 0.20982900481033695]
ap: [0.9968637992831542, 0.9968637992831542, 0.996416757856654, 0.9950655715274043, 0.9941521744277492, 0.9914445613680489, 0.9855988378236497, 0.9704809334036157, 0.7564032735990363, 0.053433317070418346]
map50: 0.9968637992831542, map50_95: 0.8736723025642885
rss: 0.10799563627195541
第38次
train_loss为11.200920158285868
pre: [0.9991764512106167, 0.9987882067813361, 0.998317607473117, 0.997847008164898, 0.9970352243582202, 0.9955528365373303, 0.9924115861549684, 0.9844937527941834, 0.954763641497447, 0.7294877526530036], rec: [0.9971820402028931, 0.9967945707307909, 0.9963249107646064, 0.995855250798422, 0.9950450873567537, 0.9935656584632726, 0.9904306781889912, 0.9825286492579373, 0.9528578808942326, 0.7280316550817209]
ap: [0.9981361741351968, 0.9981358690630304, 0.9981358690630304, 0.9976701226885563, 0.9962635292485799, 0.9930304481333604, 0.9897948212786207, 0.9787361636798095, 0.9297414763864109, 0.5625849404282909]
map50: 0.9981361741351968, map50_95: 0.9442229414104887
rss: 0.06049371878015087
第39次
train_loss为11.205240396805529
pre: [0.9992014467905207, 0.9989548347699462, 0.9984733541583484, 0.9976748009488691, 0.9957841087911313, 0.9925311788054584, 0.9848157455903422, 0.9537896047161613, 0.7024332386030017, 0.1286727575921272], rec: [0.9975145958873596, 0.9972684001969565, 0.9967877324204554, 0.9959905273277216, 0.9941030270346315, 0.9908555886421722, 0.9831531806138479, 0.9521794180402823, 0.7012473914980422, 0.12845553236887147]
ap: [0.9976403964134027, 0.9976403964134024, 0.9971686747140198, 0.9957811179667448, 0.9939472874891897, 0.9866538135662226, 0.9755749152676371, 0.9154096661464609, 0.5103356625048355, 0.020128112195843435]
map50: 0.9976403964134027, map50_95: 0.8390280042677759
rss: 0.08185385495100748
第40次
train_loss为11.190305563105063
pre: [0.9993593700860773, 0.999068174670658, 0.9985323751062863, 0.9977752670261959, 0.9966687244476023, 0.9944672871070318, 0.9896916822941539, 0.9771120403480368, 0.9233107753951522, 0.6283531152085542], rec: [0.997268489998024, 0.996977903827601, 0.9964432252740227, 0.995687701230923, 0.9945834737833157, 0.992386642334918, 0.9876210291399812, 0.9750677065777086, 0.9213790057303592, 0.6270384619855172]
ap: [0.9982038616973506, 0.9982038616973506, 0.9982038616973506, 0.9968158148045819, 0.9955072004149771, 0.9931054082182165, 0.9842051807049487, 0.960372979960355, 0.8728123927778153, 0.4125736516440416]
map50: 0.9982038616973506, map50_95: 0.9210004213616989
rss: 0.04340030729314533
第41次
train_loss为11.193832783820191
pre: [0.9992764278878696, 0.9990080059753051, 0.9986345494013025, 0.9977942721097962, 0.9964988446187242, 0.9940830474056439, 0.9891931003897954, 0.9757486637256961, 0.9198352122867213, 0.548607707210046], rec: [0.9969378369252623, 0.9966700431962928, 0.996297460616857, 0.9954591498131266, 0.9941667539907088, 0.9917566104299835, 0.9868781072804965, 0.9734651344208087, 0.9176825363559095, 0.5473238091911465]
ap: [0.9953919865193801, 0.9944731359905942, 0.9944728821284964, 0.9917133885696557, 0.9889655051420505, 0.9852517071647287, 0.9773002146825072, 0.9539121867273004, 0.851811754865122, 0.3130738109337061]
map50: 0.9953919865193801, map50_95: 0.9046366572723541
rss: 0.05638575137532435
第42次
train_loss为11.231952728094342
pre: [0.9993779488744395, 0.9990493180911246, 0.9985563719161522, 0.9979930048590409, 0.9971010070186146, 0.9956339053073872, 0.9925353864932748, 0.983674092157461, 0.942712612379991, 0.5179925353864933], rec: [0.99782035507119, 0.9974922364797563, 0.9970000585926057, 0.9964375695787192, 0.995546961973399, 0.9940821468330696, 0.9909884572566942, 0.9821409738091053, 0.9412433350911115, 0.5171852112263432]
ap: [0.9980970504281635, 0.9976223297782614, 0.9976224468230809, 0.9971469944275264, 0.9948135107190448, 0.9928323512865942, 0.9891381527884515, 0.9763330851093741, 0.902372559490536, 0.28383758605245574]
map50: 0.9980970504281635, map50_95: 0.9129816066903489
rss: 0.06980421976083971
第43次
train_loss为11.18858713387626
pre: [0.9992130584602177, 0.9989388212569602, 0.9984857337037523, 0.9975795585973363, 0.9963752995743361, 0.9937402377517318, 0.9880289499099787, 0.9727193599542143, 0.885261538828411, 0.4051914294912304], rec: [0.9968122182441032, 0.9965386399590822, 0.9960866410533954, 0.9951826432420217, 0.9939812777295381, 0.9913525472517277, 0.9856549820984644, 0.9703821769694663, 0.883134493463858, 0.4042178634725411]
ap: [0.997551000078163, 0.9965727130312783, 0.9960849572501299, 0.9936606991424654, 0.9926847789541158, 0.9874659297487529, 0.9761109234423119, 0.9482764301953874, 0.7994995434623023, 0.1864623340227035]
map50: 0.997551000078163, map50_95: 0.887436930932761
rss: 0.077658690650647
第44次
train_loss为11.220104829590907
pre: [0.9993118490266746, 0.999066913934474, 0.9987986516906353, 0.9982621272029579, 0.9972124053792412, 0.995626159067847, 0.9924070121417824, 0.9849773143450319, 0.9572063403198152, 0.5648669769177834], rec: [0.9976827322798887, 0.9974381964903292, 0.9971703715779545, 0.9966347217532051, 0.9955867112265216, 0.9940030508750888, 0.9907891519265927, 0.9833715663099549, 0.9556458655984722, 0.5639461089698057]
ap: [0.9983109267071532, 0.9978879458554355, 0.9970445541897182, 0.9966234004139526, 0.9957807941125331, 0.9930812489943921, 0.9857428828750808, 0.9721099060178519, 0.9237656737240507, 0.32430119025128595]
map50: 0.9983109267071532, map50_95: 0.9184648523141454
rss: 0.05202476148345581
第45次
train_loss为11.176099254346358
pre: [0.9995205014852759, 0.9992982948565013, 0.9986784553130774, 0.9980703108553786, 0.9969475826257806, 0.9950646738240592, 0.9910298692489415, 0.9815568498117091, 0.9408111711458845, 0.5583116974247421], rec: [0.9968042547732071, 0.9965826520020061, 0.9959644969033928, 0.995358005108527, 0.9942383279487748, 0.9923605360454403, 0.9883366962525805, 0.9788894202171707, 0.9382544699611612, 0.5567944575980592]
ap: [0.9985888993414863, 0.9985888993414863, 0.9981176353198518, 0.9971766201264016, 0.9953699403656698, 0.9913076798760708, 0.9849509321012732, 0.9676314664085149, 0.8897046760062464, 0.3200564188265096]
map50: 0.9985888993414863, map50_95: 0.9141493167713511
rss: 0.04474617679576048
第46次
train_loss为11.182273972700191
pre: [0.999359093875268, 0.9991027314253752, 0.9985783536869581, 0.9978791833690687, 0.9967721636990771, 0.9948028339703552, 0.9905378950312296, 0.9768807681551226, 0.8603407290015848, 0.4314580031695721], rec: [0.9975457125575768, 0.9972898152886986, 0.9967663890569023, 0.996068487414507, 0.9949634764807147, 0.9929977201879682, 0.9887405201693574, 0.9751081747545712, 0.8587796026613316, 0.43067510352207694]
ap: [0.9968246407275904, 0.9968246407275904, 0.9963716508391918, 0.9945447854631027, 0.9940657548878857, 0.9913323854338221, 0.9831023667077753, 0.9622164733169671, 0.7660749494019006, 0.19692599076146322]
map50: 0.9968246407275904, map50_95: 0.8878283638267289
rss: 0.048027562486962216
第47次
train_loss为11.170953612379977
pre: [0.9993783574561917, 0.9990499425273874, 0.9986276947617819, 0.9979943231133735, 0.9968096835487579, 0.9952731708461376, 0.9917544394660912, 0.9823946139951676, 0.948708625583523, 0.7110769663843862], rec: [0.99800878477306, 0.9976808199121523, 0.9972591508052708, 0.9966266471449488, 0.9954436310395315, 0.993909224011713, 0.9903953147877013, 0.9810483162518302, 0.9474084919472914, 0.7101024890190337]
ap: [0.9972702108277955, 0.9959066084962443, 0.9945482619927615, 0.9940975682127365, 0.9921873738918262, 0.9908861693053703, 0.9863492477494746, 0.9650662397792188, 0.9020284661799555, 0.5092315301810425]
map50: 0.9972702108277955, map50_95: 0.9327571676616426
rss: 0.05797424226901308
第48次
train_loss为11.200127458542232
pre: [0.9992563739376771, 0.9988196411709159, 0.9983120868744099, 0.9971789423984891, 0.9951369216241738, 0.9910056657223796, 0.9822119924457035, 0.9594546742209632, 0.8757318224740321, 0.3242091595845137], rec: [0.9932070955934112, 0.9927730067107795, 0.9922685250363696, 0.9911422403679196, 0.9891125815383172, 0.98500633535126, 0.9762658970388098, 0.9536463466141067, 0.8704303346004035, 0.3222464686282791]
ap: [0.9917431192660551, 0.9912858977774732, 0.9899147224188926, 0.9894587500533396, 0.9853534426295368, 0.9780848827850024, 0.9632972323338991, 0.9264587758892902, 0.7889433425584151, 0.11380034116998099]
map50: 0.9917431192660551, map50_95: 0.8718340506881885
rss: 0.10927318098584378
第49次
train_loss为11.192768794293395
pre: [0.9995020805918128, 0.9991938447676969, 0.998885608943581, 0.9982691372953492, 0.9973681402710104, 0.9954357387582838, 0.9923415252931204, 0.9841377102820358, 0.9518440800938933, 0.7458002868964209], rec: [0.9969137992195815, 0.9966063615939459, 0.9962989239683103, 0.9956840487170392, 0.9947853848882583, 0.9928579874660045, 0.9897717866855859, 0.9815892160340546, 0.9493792124866974, 0.743868984273383]
ap: [0.9966642357142469, 0.9961890433266478, 0.9952384248050347, 0.9947652007288607, 0.9938163148491423, 0.9895442197843838, 0.9849080895497285, 0.9667664743777633, 0.9136314313288628, 0.5795363696977266]
map50: 0.9966642357142469, map50_95: 0.9411059804162397
rss: 0.04695525180040428
第50次
train_loss为11.184506602088323
pre: [0.9993431316200017, 0.9991671847325021, 0.9988622101275029, 0.9982757205025043, 0.9973842562725065, 0.9954371107175114, 0.99196509213752, 0.9826633666850434, 0.9377617209951556, 0.5782201212860545], rec: [0.9966426465771372, 0.9964671751438866, 0.9961630246595854, 0.9955781198820832, 0.9946890646202798, 0.9927471807589724, 0.9892845444761593, 0.980007954704974, 0.9352276449394039, 0.5766576201394413]
ap: [0.9949844814452147, 0.9945674287601595, 0.993315596064202, 0.9916107264809524, 0.9903114978328317, 0.9873703519646946, 0.9814770617850803, 0.9640845755624009, 0.8899653540504407, 0.34911793438653105]
map50: 0.9949844814452147, map50_95: 0.9136805008332509
rss: 0.055065114564218115
第51次
train_loss为11.198403185194325
pre: [0.9993254245173296, 0.9990346592230751, 0.9986624796464294, 0.9980576878343801, 0.9968364735985112, 0.994487090020935, 0.9901023493835776, 0.9720632705280298, 0.9092463363572924, 0.5353454291695743], rec: [0.997677713011774, 0.9973874271382458, 0.9970158612201295, 0.9964120666031908, 0.9951928659343722, 0.992847356076264, 0.9884698451034579, 0.9704605095097653, 0.9077471493927219, 0.534462738905274]
ap: [0.9991075412762159, 0.9991075412762159, 0.9986619098098513, 0.998215281850941, 0.9968494134704168, 0.9919490586800981, 0.9846101596525088, 0.9520172607411972, 0.8494794363619717, 0.3016997092910717]
map50: 0.9991075412762159, map50_95: 0.9071697312410489
rss: 0.04873747435440502
第52次
train_loss为11.19802838177962
pre: [0.9993777224642191, 0.9991429007526036, 0.9987084805861149, 0.998086203050334, 0.9970177642624837, 0.9947399936598138, 0.9886111469866504, 0.9654342440502048, 0.8603984924446114, 0.5331392140517313], rec: [0.9965228589826143, 0.9962887080723526, 0.9958555288883686, 0.9952350289761751, 0.9941696423344846, 0.9918983785049464, 0.985787039747117, 0.9626763449042908, 0.8579406427442486, 0.5316162266580812]
ap: [0.9974059662775616, 0.9974059662775616, 0.9969745387174704, 0.9969739822727415, 0.9942984006657914, 0.9912402288261601, 0.9832420274553875, 0.9414484147217352, 0.7614846999181631, 0.3152442321692835]
map50: 0.9974059662775616, map50_95: 0.8975718457301856
rss: 0.10978673119488554
第53次
train_loss为11.200604883873007
pre: [0.9993954839092041, 0.9990398862087359, 0.998613168968174, 0.9978427072838262, 0.9965981153321876, 0.9938837195519469, 0.9886919931251111, 0.977289160196764, 0.9353049250281514, 0.6392816926450542], rec: [0.99396411477613, 0.9936104496262939, 0.9931860514464904, 0.9924197769551788, 0.9911819489307524, 0.9884823049536698, 0.9833187937660622, 0.9719779312946503, 0.9302218659373306, 0.6358074175370759]
ap: [0.9944958119705326, 0.9940392491256964, 0.9935836085842091, 0.9926687657550314, 0.991269458682736, 0.9868117561284893, 0.9775306072831831, 0.9585798953889373, 0.8888083600780128, 0.44028010092716213]
map50: 0.9944958119705326, map50_95: 0.921806761392399
rss: 0.08984308064256462
第54次
train_loss为11.183946273391864
pre: [0.9995557374174314, 0.9992985327643654, 0.998842579061203, 0.9982580230315076, 0.9973578067457766, 0.9956625942596598, 0.9922370959256445, 0.9811656047232127, 0.8742736891331034, 0.45284386508446833], rec: [0.997747695180301, 0.9974909557708017, 0.9970358268175983, 0.9964523281596452, 0.9955537402263975, 0.9938615941183335, 0.9904422919827285, 0.979390827401097, 0.8726922628077955, 0.4520247403430972]
ap: [0.998592210229939, 0.9981229219111512, 0.9976540729828435, 0.9971856910187503, 0.9953116556186928, 0.9929607251339886, 0.9873420385376821, 0.9742583051579892, 0.792219865960466, 0.22472174226660663]
map50: 0.998592210229939, map50_95: 0.8958369228818108
rss: 0.060734394928097186
第55次
train_loss为11.189537669872358
pre: [0.9996355428060852, 0.9993651390815679, 0.9990006818876531, 0.9985774412753651, 0.9978602835712103, 0.9964259681629006, 0.9938277410707987, 0.9877495356109949, 0.9594629546897411, 0.7310305908909215], rec: [0.9979811969624056, 0.9977112407422623, 0.9973473867064168, 0.9969248465357574, 0.9962088756910292, 0.9947769340015727, 0.9921830068428034, 0.9861148605030575, 0.9578750924306624, 0.7298207725442787]
ap: [0.9982146362373816, 0.9977682798476872, 0.9964317148178924, 0.9964315038112975, 0.9946514613574567, 0.9928015044990945, 0.9882979571055762, 0.9753098375344926, 0.9201681433217935, 0.555121657854481]
map50: 0.9982146362373816, map50_95: 0.9415196696387154
rss: 0.04236743479289385
第56次
train_loss为11.191399373853566
pre: [0.9993316448571831, 0.9990267811078279, 0.9985460344261526, 0.9977369729374794, 0.9963064584212749, 0.9931522911683317, 0.9847568125322452, 0.9598986914309835, 0.8826626330847521, 0.5697082688429248], rec: [0.9974253045747656, 0.997121022388147, 0.9966411927861716, 0.9958336746755299, 0.9944058890306272, 0.9912577387152269, 0.9828782754221915, 0.9580675740517514, 0.88097885238803, 0.5686214846630074]
ap: [0.995636881136317, 0.9946721719018946, 0.9932255717198439, 0.9908734278335615, 0.9884950708235976, 0.9850319221997369, 0.9687876004386213, 0.9171704467426619, 0.7793530782701674, 0.3338455728512046]
map50: 0.995636881136317, map50_95: 0.8947091743917607
rss: 0.0605067910387717
第57次
train_loss为11.211542630850031
pre: [0.9992986557568674, 0.9989596727060198, 0.9985856224430157, 0.9980713033313852, 0.9968439509059029, 0.9944593804792519, 0.9896551724137931, 0.971104617182934, 0.890333138515488, 0.4226651081239042], rec: [0.9974215678267667, 0.9970832215234917, 0.9967098738784986, 0.9961965208666332, 0.9949714739064998, 0.992591382669669, 0.9877961988542894, 0.969280489085415, 0.8886607319947265, 0.42187117172824956]
ap: [0.9990480723465016, 0.9990480723465016, 0.9990480723465016, 0.9985720820924606, 0.9966692989442845, 0.991401873420429, 0.9818194167988696, 0.9547855723625545, 0.8006941989434965, 0.18919605866245126]
map50: 0.9990480723465016, map50_95: 0.8910282718264051
rss: 0.07983797640156404
第58次
train_loss为11.17023512610534
pre: [0.9994996858492542, 0.9993135224443255, 0.9990808181881646, 0.9984874223349545, 0.9973937123309985, 0.9956833360482163, 0.9919949735880669, 0.9781257999208806, 0.8487073278570265, 0.41374816745398274], rec: [0.9974339324694627, 0.9972481538247179, 0.9970159305187869, 0.9964237610886628, 0.9953323115507873, 0.9936254702521945, 0.9899447308531885, 0.9761042218197018, 0.8469532302261855, 0.4128930379452882]
ap: [0.997653683716565, 0.997184616045731, 0.9971846209731753, 0.996715996244569, 0.9943657786188451, 0.9906290775114933, 0.9811157474085802, 0.9595576743348412, 0.743589685438748, 0.18584557223412757]
map50: 0.997653683716565, map50_95: 0.8843842452526676
rss: 0.06223862233793609
第59次
train_loss为11.190281943139343
pre: [0.9995131219570123, 0.9993231207695048, 0.9988599928749554, 0.9982187388671179, 0.9969837311483197, 0.9952380952380953, 0.9910699441871512, 0.9809523809523809, 0.9417765111031944, 0.6443415271345446], rec: [0.9974048442906575, 0.9972152438735365, 0.9967530928568042, 0.9961131914490212, 0.9948807887377352, 0.9931388349054368, 0.9889794757548467, 0.9788832535431577, 0.9397900175380386, 0.642982414561312]
ap: [0.9980452084873105, 0.9980452254413131, 0.9980459006226512, 0.9965811663537351, 0.9951181969986417, 0.9922331097482955, 0.985244881414393, 0.9725967728172834, 0.8953961841123627, 0.44937271234048076]
map50: 0.9980452084873105, map50_95: 0.9280679358336468
rss: 0.058671189494057294
第60次
train_loss为11.176085859089248
pre: [0.9992738601360927, 0.9990044856704496, 0.9987351112048066, 0.9979738355410328, 0.9970485928112154, 0.9951395476851363, 0.9907592846351148, 0.9781221086164693, 0.9084829532810981, 0.30680580443413796], rec: [0.9973931544000748, 0.9971242869166744, 0.9968554194332742, 0.9960955765454035, 0.9951720751893762, 0.9932666230244085, 0.9888946039465071, 0.9762812120078556, 0.9067731226035725, 0.3062283737024221]
ap: [0.9966587112171837, 0.9966587112171837, 0.9966587112171837, 0.9952600453251339, 0.9943088540071858, 0.9904953475534358, 0.9834982851818799, 0.9589040066145611, 0.8490043298127364, 0.10267731336971435]
map50: 0.9966587112171837, map50_95: 0.8864124315516199
rss: 0.09117271124842954
第61次
train_loss为11.170234914108272
pre: [0.9995056148033054, 0.9992937354332934, 0.9990700849871695, 0.998775808084375, 0.9978576641476564, 0.9965628457753608, 0.9935965345951927, 0.9872519245709442, 0.9598135461543894, 0.6978835605151023], rec: [0.9973923461836633, 0.9971809147931496, 0.9969577372142739, 0.9966640825052271, 0.9957478798130007, 0.9944557990931943, 0.9914957596260013, 0.9851645640989499, 0.9577841990274156, 0.6964080155989382]
ap: [0.9980658080513001, 0.9980658080513, 0.9980658080513, 0.9966162177724003, 0.9956534850759454, 0.9937308352376618, 0.9908217311915147, 0.976979061851349, 0.9258519027427108, 0.5218717384986972]
map50: 0.9980658080513001, map50_95: 0.939572239652418
rss: 0.03894246961881706
第62次
train_loss为11.170257210753304
pre: [0.9994108844980146, 0.9991752382972205, 0.9988571159261485, 0.9983386942844014, 0.9971958102105499, 0.9954048990845145, 0.991893770692682, 0.9816195963380581, 0.8972111272136015, 0.3583353952375903], rec: [0.9979880932771725, 0.9977527825493564, 0.9974351130668048, 0.9969174294656094, 0.9957761724357014, 0.9939878109042991, 0.9904816810598395, 0.9802221333270584, 0.8959338306233381, 0.3578252582535238]
ap: [0.9981447124304266, 0.9981447124304266, 0.9981447124304267, 0.9981447124304269, 0.996755387556192, 0.9912078373390221, 0.985714670671669, 0.9665560394735743, 0.8213704368198554, 0.13400664466496187]
map50: 0.9981447124304266, map50_95: 0.888818986624698
rss: 0.060477385430427896
第63次
train_loss为11.163234477704865
pre: [0.9992970534825142, 0.9991213168531428, 0.9986878331673599, 0.9980434655263312, 0.9971413508288911, 0.9956417315915881, 0.9917520941948333, 0.9769550700017574, 0.8852205494698612, 0.4433132212524164], rec: [0.9967979057836366, 0.9966226086550035, 0.996190209071042, 0.995547452932721, 0.9946475943390714, 0.9931517255080695, 0.9892718157276584, 0.974511797496757, 0.8830066963503138, 0.442204536689689]
ap: [0.9980692006105039, 0.9980696824596049, 0.9980710273366237, 0.9971270841324126, 0.9952039793603434, 0.9933285590778662, 0.9862782187089721, 0.9570736150549716, 0.7863334386098635, 0.20768175049473792]
map50: 0.9980692006105039, map50_95: 0.89172365558459
rss: 0.07406318839508227
第64次
train_loss为11.19243909430801
pre: [0.999345427342435, 0.9990415186085656, 0.998620721900131, 0.9979427716476529, 0.9967622031045446, 0.9946815971572844, 0.9900878997568731, 0.9796614924256593, 0.9261151112773518, 0.5014727884795213], rec: [0.996596260549261, 0.9962931878584418, 0.9958735487480767, 0.9951974635147107, 0.9940201426772975, 0.9919452604093812, 0.987364200121229, 0.9769664754977386, 0.9235673987037815, 0.5000932531356367]
ap: [0.9952082559358035, 0.9952087994901593, 0.994730663014028, 0.99425350817577, 0.9928167221897848, 0.9909133926549465, 0.9843778843312159, 0.9689528100285187, 0.875566197857198, 0.26786414616234394]
map50: 0.9952082559358035, map50_95: 0.9059892379839768
rss: 0.0654151614399994
第65次
train_loss为11.177182189939831
pre: [0.9992364080635309, 0.9987547577651427, 0.9980851463747005, 0.996616700343029, 0.9934096142098585, 0.986783985714957, 0.9731685541092994, 0.9320403176542456, 0.6859287627461116, 0.15719421079836474], rec: [0.9949468365091062, 0.9944672538629797, 0.9938005170134868, 0.9923383747996866, 0.9891450562047467, 0.9825478705360798, 0.9689908879297235, 0.9280392088056053, 0.6829841737726778, 0.1565193997028927]
ap: [0.9954607108671386, 0.994553969843981, 0.9941070521794757, 0.9914475208812384, 0.9869167608130536, 0.9778111305399623, 0.9553730559450411, 0.8860857460861986, 0.4947978735313178, 0.029799716842910797]
map50: 0.9954607108671386, map50_95: 0.8306353537530319
rss: 0.09037877839548944
第66次
train_loss为11.2006635805789
pre: [0.9996684389394782, 0.9995144998756647, 0.9992658290802733, 0.9986737557579131, 0.9978566945730559, 0.9962225722033416, 0.993060900661938, 0.9862638989212424, 0.9615862828452676, 0.6244834160262407], rec: [0.9972476197226356, 0.9970940534410659, 0.9968459848323765, 0.9962553452878777, 0.9954402627164693, 0.9938100975736528, 0.9906560824060292, 0.9838755404351832, 0.959257684220474, 0.6229711531646467]
ap: [0.9967456996745702, 0.9958184145117953, 0.995355422443533, 0.994892034477573, 0.9944287659499045, 0.9916585970166697, 0.9852287728648437, 0.9728862917869407, 0.929384076530585, 0.4018563483470897]
map50: 0.9967456996745702, map50_95: 0.9258254423603505
rss: 0.042463868610192065
第67次
train_loss为11.18919877310439
pre: [0.9994728395206354, 0.9992034019422935, 0.9986528121082905, 0.9980553635650106, 0.9969073251877277, 0.9943652402094584, 0.988355610744702, 0.9605449667888898, 0.7290043695746401, 0.21503461687147826], rec: [0.9966241078416485, 0.9963554382235098, 0.9958064176994872, 0.995210672024484, 0.9940659058254582, 0.9915310663847583, 0.9855385657714907, 0.9578071886644783, 0.7269265363813707, 0.2144217178501758]
ap: [0.9960867208334794, 0.9947873483100016, 0.993044248404252, 0.992583249342118, 0.9908123315506174, 0.9880634953397162, 0.9789970978182317, 0.9316817826063462, 0.562198155971579, 0.05087421249159963]
map50: 0.9960867208334794, map50_95: 0.8479128642667941
rss: 0.09688826868428832
第68次
train_loss为11.189282986573746
pre: [0.9994558338163794, 0.9993257071202962, 0.999053624028486, 0.9986277548413046, 0.9976577194705026, 0.9964392604071782, 0.9941088095773248, 0.9864431642080608, 0.9498775626086854, 0.41736363313735464], rec: [0.9975323509965052, 0.9974024747331633, 0.9971309152734485, 0.9967058656843298, 0.9957376971757816, 0.9945215830735809, 0.9921956172664589, 0.9845447246623217, 0.9480494946632663, 0.416560404269387]
ap: [0.9973240939425366, 0.9973240939425368, 0.997324093942537, 0.996878799469815, 0.9955455620459854, 0.994171737036033, 0.9874759480251961, 0.9758851752414627, 0.9179694985736253, 0.17979455742862288]
map50: 0.9973240939425366, map50_95: 0.9039693559648351
rss: 0.0638145161742996
第69次
train_loss为11.166931635542143
pre: [0.9994258731999953, 0.9992501200979531, 0.9989806320081549, 0.9984533727020282, 0.997527739697939, 0.9958287930448639, 0.992899574677493, 0.9860334868243757, 0.9593424490608926, 0.661487808593155], rec: [0.9981744564327006, 0.9979989233973834, 0.9977297727432303, 0.9972031736372785, 0.9962786996512744, 0.9945818803098743, 0.9916563297212535, 0.9847988391415264, 0.9581412221780139, 0.6606595361246986]
ap: [0.9986426365917147, 0.9986429383069692, 0.9981911870820158, 0.9977397294039914, 0.996843752495393, 0.9949965064485874, 0.9918719911287629, 0.9789492581953259, 0.9343355227847985, 0.45355339472762646]
map50: 0.9986426365917147, map50_95: 0.9343766917165185
rss: 0.052496390691769534
第70次
train_loss为11.164454536901832
pre: [0.9995581667502568, 0.9994029280408875, 0.9990088605478732, 0.998375964271214, 0.9973370590623581, 0.9958802034821237, 0.9927873707339209, 0.985347854123379, 0.9548852427694585, 0.6077476057414439], rec: [0.9975925727293313, 0.99743763929112, 0.9970443467171988, 0.9964126950075679, 0.9953758327672304, 0.9939218420394008, 0.9908350912319592, 0.9834102041545998, 0.9530074963948181, 0.6065524926406617]
ap: [0.9990352146647373, 0.9990352146647372, 0.999035214664737, 0.9985518433551904, 0.9970898124658724, 0.9951449608721248, 0.9882196575889497, 0.9750029094290924, 0.9254910508395053, 0.39108493482598344]
map50: 0.9990352146647373, map50_95: 0.926769081337093
rss: 0.05971314005519448
第71次
train_loss为11.19565992526472
pre: [0.999421576381429, 0.99915007141761, 0.9988077390719252, 0.9983709702170859, 0.9975564553256289, 0.9958329890335603, 0.9924332747040006, 0.9848665494080011, 0.9054808589000508, 0.241249867198659], rec: [0.9982078853046595, 0.9979367100547066, 0.9975947934352009, 0.9971585549896246, 0.9963450292397661, 0.9946236559139785, 0.9912280701754386, 0.9836705338615356, 0.9043812488209771, 0.24095689492548575]
ap: [0.9971537070275169, 0.9966806780461995, 0.9952622606211311, 0.9952630028996341, 0.9947912779956268, 0.9929349126117015, 0.98407974254157, 0.970010920048985, 0.8183230258686278, 0.06671790112791542]
map50: 0.9971537070275169, map50_95: 0.8811217428788908
rss: 0.07778976446162365
第72次
train_loss为11.180513283180037
pre: [0.9991322952573398, 0.9985855224058006, 0.9976464994651135, 0.9960299536431713, 0.9930464756923808, 0.9868299060977059, 0.9736835849280875, 0.9382265541423986, 0.788517770117675, 0.301378818495186], rec: [0.9905840482700103, 0.9900419534269822, 0.9891109644574337, 0.9875082492693504, 0.9845502969736967, 0.9783869143018761, 0.9653530687281984, 0.9301993966248704, 0.7817714716696521, 0.2988003205430376]
ap: [0.9893177396650763, 0.9888126816400504, 0.9869001175787032, 0.9843991309899197, 0.9765511813620984, 0.9648936305429738, 0.9418006535519236, 0.874413613622681, 0.619274367687594, 0.09594043029211032]
map50: 0.9893177396650763, map50_95: 0.8422303546933131
rss: 0.14678226113675788
第73次
train_loss为11.178265777118565
pre: [0.9993136338354851, 0.9988402778599577, 0.9981775794942191, 0.9965326674792611, 0.9938463723181425, 0.988319941303859, 0.9698235565601221, 0.7568607031703016, 0.42377193709099087, 0.16436102860253482], rec: [0.9955319249269075, 0.9950603602753938, 0.9944001697632745, 0.9927614825992643, 0.990085353201924, 0.9845798358955012, 0.9661534471376025, 0.7539965104215788, 0.4221682542676601, 0.1637390361218523]
ap: [0.9957276421604451, 0.9952536754877853, 0.9947785041613515, 0.989624745303995, 0.9867299129407516, 0.9791544962998237, 0.9404378329607095, 0.6148565574192627, 0.19606926976676267, 0.034683929358810234]
map50: 0.9957276421604451, map50_95: 0.7727316565859697
rss: 0.1338704314915804
第74次
train_loss为11.178890554884308
pre: [0.999564362497498, 0.9992817868201994, 0.9988579233042516, 0.9982809979631003, 0.9969034415362698, 0.9943484864540285, 0.9892032543298835, 0.9771231441253694, 0.9303921914921173, 0.6783111393686788], rec: [0.9962799103423187, 0.9959982631758065, 0.9955757924260383, 0.9950007627944093, 0.9936277328576626, 0.9910811730604485, 0.9859528475702064, 0.9739124312018119, 0.9273350310398648, 0.676082287913816]
ap: [0.9963218390804598, 0.9963218390804598, 0.9954026486678323, 0.9949437651182851, 0.993072180501732, 0.9897143469511782, 0.9789514997586559, 0.9599429760086619, 0.8823647587398524, 0.4859897400377992]
map50: 0.9963218390804598, map50_95: 0.9273025593944917
rss: 0.0617758062923448
第75次
train_loss为11.215841622626085
pre: [0.9994956721634491, 0.9993549295113884, 0.9989327015552063, 0.9983931880556403, 0.9975956463606296, 0.9961882198400225, 0.9931622528207174, 0.9862424057610659, 0.960380943444911, 0.6207806525767634], rec: [0.9979974235858999, 0.9978568919077175, 0.9974352968731701, 0.996896592106804, 0.9961002459304368, 0.9946949291486122, 0.9916734980676895, 0.9847640238903853, 0.9589413280243588, 0.6198500995432721]
ap: [0.9976292081555239, 0.9976292081555239, 0.9976292081555239, 0.9962086572040448, 0.9962087086631711, 0.9943320910852601, 0.990098997567021, 0.9776049621060436, 0.9351730175181909, 0.4026949528097288]
map50: 0.9976292081555239, map50_95: 0.9285209011420033
rss: 0.06971206285649789
第76次
train_loss为11.159590308619542
pre: [0.9995995147060556, 0.999375714100616, 0.9990459026820736, 0.9986100804504282, 0.9979033416964086, 0.9964545272506684, 0.9938984887569643, 0.9866897534659647, 0.923801783337456, 0.4639504340553848], rec: [0.997238477990082, 0.9970152059977908, 0.9966861735880984, 0.996251380761005, 0.9955463113116642, 0.9941009189405157, 0.9915509177653999, 0.9843592093821242, 0.9216197795482856, 0.46285459117723093]
ap: [0.9972455545336966, 0.9967868618208997, 0.9967868618208996, 0.9954134868828108, 0.9944984545180251, 0.9931134907531616, 0.9907772021456493, 0.9781745850172152, 0.8703669729794965, 0.2382977372130314]
map50: 0.9972455545336966, map50_95: 0.9051461207684885
rss: 0.06874730600487179
第77次
train_loss为11.194949004511871
pre: [0.9994368840919756, 0.999131862975129, 0.9986274049741906, 0.9977709995307368, 0.9962810886907555, 0.9934655091506335, 0.9878460816518067, 0.9715274519005161, 0.8998709526044111, 0.39020412951665884], rec: [0.9964093147288272, 0.9961052176048842, 0.9956022877460555, 0.9947484765903695, 0.9932630791003404, 0.9904560287254822, 0.9848536240189943, 0.9685844278880454, 0.8971449958479046, 0.3890220938256588]
ap: [0.9966281310211946, 0.9966281310211946, 0.9966281310211946, 0.9947301644936194, 0.9923554413208164, 0.9885762701373153, 0.9788050904028345, 0.9433027269886667, 0.8223598668468932, 0.16391117472319167]
map50: 0.9966281310211946, map50_95: 0.8873925127976922
rss: 0.07298973705975398
第78次
train_loss为11.171694205440003
pre: [0.9994743727514834, 0.9992524412465542, 0.9988903424753539, 0.9983296734102696, 0.9974419473905527, 0.9959818717002289, 0.9924076064103163, 0.9819651450731206, 0.9136336027659674, 0.534294257814325], rec: [0.9981103243943124, 0.9978886957738922, 0.9975270911826803, 0.9969671872995136, 0.996080672817833, 0.994622589788753, 0.9910532025335651, 0.9806249927095848, 0.9123867069486404, 0.5335650713294218]
ap: [0.9981125058603983, 0.9976404501768873, 0.9976412802372627, 0.9962302322051533, 0.99528686347049, 0.9915674918101598, 0.984187420872777, 0.9598062373476083, 0.8366539928212812, 0.3092104696587746]
map50: 0.9981125058603983, map50_95: 0.9066336944460792
rss: 0.04979345945593249
第79次
train_loss为11.185797679203354
pre: [0.9995992314674021, 0.9994106345108856, 0.9989980786685055, 0.9984440751087379, 0.9974775157065903, 0.9958390796468523, 0.9918196070110918, 0.9773212159788771, 0.7587727053054681, 0.21314992279312092], rec: [0.9972130761994356, 0.9970249294449671, 0.9966133584195672, 0.996060677328316, 0.9950964252116651, 0.9934619002822201, 0.9894520225776106, 0.9749882408278457, 0.756961429915334, 0.21264111006585137]
ap: [0.9990829894543787, 0.9990829894543787, 0.9981648395685193, 0.9972486969987523, 0.9963314121564387, 0.9939953364947449, 0.9874848391670259, 0.9612883143648874, 0.5972351090770298, 0.05560115995539395]
map50: 0.9990829894543787, map50_95: 0.8585515686691549
rss: 0.11224492407143712
第80次
train_loss为11.170543226926922
pre: [0.9994999047437607, 0.9993332063250143, 0.9990474376071633, 0.9985354353210135, 0.9977971994665651, 0.9967017527148028, 0.9937964374166508, 0.9862831015431511, 0.9568846446942275, 0.5836706991807964], rec: [0.9969121873589701, 0.9967459205244531, 0.9964608916652811, 0.9959502149592646, 0.9952138904064036, 0.9941212797795776, 0.9912234863779957, 0.9837296026222655, 0.9544072587349469, 0.5821595686563265]
ap: [0.9976705390542002, 0.9976726872365437, 0.9972080061471194, 0.996742576542337, 0.995351614811127, 0.9935012504308642, 0.9888789481282926, 0.9723438626585256, 0.9307553074090276, 0.3607554837829327]
map50: 0.9976705390542002, map50_95: 0.923088027620097
rss: 0.06324781166889866
第81次
train_loss为11.176386676976293
pre: [0.9990059759777528, 0.9986864682563162, 0.9980356191941305, 0.9969114253594462, 0.9949707117922016, 0.9916099639074611, 0.9835631027749837, 0.9596473581444885, 0.8388142713448908, 0.38663984379622507], rec: [0.993386912676653, 0.9930692020757093, 0.9924220138145277, 0.9913041431815774, 0.9893743454573267, 0.9860325006177706, 0.9780309002977066, 0.9542496734641046, 0.834096231010908, 0.3844651283197816]
ap: [0.997540500049493, 0.9970476933857335, 0.9960618535106764, 0.994606875439203, 0.9922499280057057, 0.9897221975087187, 0.9770835444418393, 0.9349939100717626, 0.733718351225552, 0.16166704613172928]
map50: 0.997540500049493, map50_95: 0.8774691899770414
rss: 0.17920948442417112
第82次
train_loss为11.1861954624098
pre: [0.9994225783643649, 0.9990926231440019, 0.9986683950035352, 0.9981734621729909, 0.9973957105821353, 0.9958873438604761, 0.9931652132924818, 0.9872613716709875, 0.9668984209285882, 0.7532877680886165], rec: [0.9975417548812044, 0.9972124206069161, 0.9967889908256881, 0.9962949894142554, 0.9955187014820043, 0.9940131733709715, 0.9912961656080922, 0.9854034344860033, 0.9650788049870619, 0.7518701482004234]
ap: [0.9986322298419202, 0.9986319603295479, 0.9968123552388767, 0.9949955932837149, 0.9945407304134037, 0.9927463577161487, 0.987357264379933, 0.9786104055615181, 0.9425789061959593, 0.5798049718446636]
map50: 0.9986322298419202, map50_95: 0.9464710774805687
rss: 0.06024785376339502
第83次
train_loss为11.187340947133071
pre: [0.9993224615672165, 0.9989252838652399, 0.9984580159805616, 0.9977921592448951, 0.9968693051726555, 0.9949768702397084, 0.9912270454651652, 0.9826877248726695, 0.9519999065464231, 0.7038105695995515], rec: [0.9971325997762029, 0.9967362924281984, 0.9962700484893696, 0.9956056508765386, 0.9946848190973517, 0.9927965311450951, 0.989054923535994, 0.9805343155538978, 0.9499137448713166, 0.7022682767624021]
ap: [0.9971758198904122, 0.9967051285941336, 0.9967051285941335, 0.9962348806219699, 0.993909409049193, 0.9911230664528723, 0.9847200722264678, 0.965820434626203, 0.9139770352293224, 0.517579914552766]
map50: 0.9971758198904122, map50_95: 0.9353950889837475
rss: 0.05275706515757373
第84次
train_loss为11.184341057307384
pre: [0.9995906576377437, 0.999321661228261, 0.9990058828345204, 0.998467890015555, 0.9975907278107201, 0.996082008818404, 0.9930645708337719, 0.9852636749587734, 0.9457796802451376, 0.4718197022326702], rec: [0.9968392446844493, 0.9965709886982587, 0.9962560794970784, 0.995719567524697, 0.9948448197436406, 0.9933402535602235, 0.9903311211933893, 0.9825516975938604, 0.9431763841425722, 0.47052099977839723]
ap: [0.9979859013091642, 0.9979859013091642, 0.9979859013091642, 0.9979859013091642, 0.9965089713546212, 0.9915518096721507, 0.9857065858844066, 0.9715844973262684, 0.8914067178766957, 0.23834160554659367]
map50: 0.9979859013091642, map50_95: 0.9067043792897393
rss: 0.0644937937376397
第85次
train_loss为11.182495000684018
pre: [0.9989092188599578, 0.9984400656814449, 0.9975134881538822, 0.9956486042692939, 0.9923176167018531, 0.9854562514661037, 0.9696223316912972, 0.9219680975838611, 0.7554187192118227, 0.20639221205723668], rec: [0.9918247563148517, 0.991358930463846, 0.99043892440811, 0.9885872666503628, 0.985279903108223, 0.9784672000372661, 0.962745577565827, 0.915429316749933, 0.7500611396429445, 0.20492843750363926]
ap: [0.992835146940926, 0.9923881220953757, 0.9910438330065511, 0.9879401031351586, 0.9824864062015893, 0.9715585461569363, 0.943808204786348, 0.8616165247851314, 0.5919616961186679, 0.04920974903908326]
map50: 0.992835146940926, map50_95: 0.8364848332265767
rss: 0.19106399637950386
第86次
train_loss为11.188349138724567
pre: [0.9994015770205575, 0.9990847648549704, 0.9987679526893832, 0.9982399324134047, 0.99723082699709, 0.9958814418473669, 0.9930301323570825, 0.9867760255327138, 0.9668168591007228, 0.8258354454144372], rec: [0.9984526112185687, 0.9981360998769122, 0.9978195885352559, 0.9972920696324952, 0.9962839223961081, 0.9949358185334974, 0.9920872164585898, 0.9858390481214466, 0.9658988335970928, 0.8250512865599906]
ap: [0.9990952253089094, 0.9981918823344917, 0.9977395820576974, 0.9963930635578637, 0.9949913056462308, 0.9927220392631846, 0.98699290943356, 0.9753501642571599, 0.9376816171199349, 0.6994315775202993]
map50: 0.9990952253089094, map50_95: 0.9578589366499332
rss: 0.05302780807344736
第87次
train_loss为11.163605266826934
pre: [0.9996222940912632, 0.9994334411368948, 0.9991147517763981, 0.998619012771181, 0.997674747999339, 0.9959278581714313, 0.9923396520384316, 0.9849271735794717, 0.9525506952149383, 0.6638299379145912], rec: [0.9974912547259814, 0.9973028043767593, 0.9969847944124471, 0.9964901122457392, 0.995547860499629, 0.993804694769325, 0.9902241381341059, 0.9828274619271404, 0.9505200051823846, 0.6624147556623441]
ap: [0.9976403964134025, 0.9971693904823818, 0.9957566657340707, 0.9952856178684928, 0.9938759632363333, 0.9929366557233567, 0.9870688002305448, 0.9727697429462139, 0.9250720758223608, 0.4682583428496385]
map50: 0.9976403964134025, map50_95: 0.9325833651306796
rss: 0.06826990655497489
第88次
train_loss为11.180639117705294
pre: [0.9994959381996789, 0.9992028790134455, 0.998757429050371, 0.9981595883104551, 0.9971866318121608, 0.9948538806897441, 0.9898601521563295, 0.9753713059889575, 0.7961363076887008, 0.23697938035565663], rec: [0.9982438476128035, 0.9979511555482707, 0.997506263610181, 0.9969091717985342, 0.9959374341442855, 0.9936076053106048, 0.9886201325309668, 0.9741494368604678, 0.7951389701922401, 0.23668251106376004]
ap: [0.9986336201208145, 0.9981779872428721, 0.9972682283048073, 0.9968152738687318, 0.9954110360504499, 0.9898602901507306, 0.9822967421788865, 0.9568412351444022, 0.6613167614460986, 0.057959758049230356]
map50: 0.9986336201208145, map50_95: 0.8634580932557023
rss: 0.09276458423922378
第89次
train_loss为11.183571830124906
pre: [0.998515656291968, 0.9982211436514855, 0.9978206064604292, 0.9969841905614589, 0.9957001154489551, 0.9934382583700493, 0.9881959333694602, 0.9537968569611007, 0.6276653393963669, 0.16594020215347643], rec: [0.9964496484916884, 0.9961557452211328, 0.9957560367731773, 0.9949213514847993, 0.993639933225177, 0.99138275610731, 0.9861512778914204, 0.9518233758905269, 0.6263666502080835, 0.1655968587618443]
ap: [0.9968004783150841, 0.9968003366845019, 0.9963430801363988, 0.9944873608352737, 0.9922195118358914, 0.990089280407125, 0.9838822180456694, 0.9219950792363482, 0.4238185006068172, 0.03258628599968181]
map50: 0.9968004783150841, map50_95: 0.8329022132102791
rss: 0.12177470711049791
第90次
train_loss为11.18898527133962
pre: [0.9991593653800616, 0.9988396874260005, 0.9982121714421027, 0.9970281790196542, 0.9951811508406346, 0.9911674165285342, 0.9834004262372721, 0.9622780014207909, 0.8847975372957613, 0.5231588917830926], rec: [0.9880806022925521, 0.9877644689545353, 0.9871439109206506, 0.9859730467057736, 0.9841464985305655, 0.9801772688421324, 0.9724963995925393, 0.9516081819991336, 0.8749868277775826, 0.5173580619855516]
ap: [0.9886885080990524, 0.9886885080990524, 0.9882362511480668, 0.9859645928976257, 0.9823376933025376, 0.9766717856448623, 0.9605928975938659, 0.9265057708289459, 0.7928722729647257, 0.29081477866181976]
map50: 0.9886885080990524, map50_95: 0.8881373059240554
rss: 0.10763693595969387
第91次
train_loss为11.188774892485323
pre: [0.9993285586392122, 0.9991165245252792, 0.9986571172784243, 0.998091692974603, 0.9970904207699194, 0.9954059275314517, 0.9921547377844792, 0.9822362531216133, 0.9049851576120247, 0.16079253639918956], rec: [0.9979296796885109, 0.9977179423839267, 0.9972591782239946, 0.9966945454117703, 0.9956946748067897, 0.9940125395537048, 0.9907659008834151, 0.9808613003023138, 0.9037183423321687, 0.1605674559762854]
ap: [0.9981302110921323, 0.9976638063317853, 0.9976622572173691, 0.9972110846432042, 0.9967535197649465, 0.9943248484390809, 0.9900372607807061, 0.9712717790051204, 0.8431190777286832, 0.03031457213032359]
map50: 0.9981302110921323, map50_95: 0.8816488417133351
rss: 0.08946815752157071
第92次
train_loss为11.171224928490874
pre: [0.9994418669550355, 0.9992441948349438, 0.9988372228229905, 0.9982790897780258, 0.9975000290694295, 0.9959186521086965, 0.9935117033522866, 0.9875582842059976, 0.9695119824188091, 0.8442692526831084], rec: [0.9966951923745913, 0.9964980634986896, 0.9960922099306571, 0.9955356107516408, 0.9947586910642641, 0.9931816600570514, 0.990781326097544, 0.9848442681880377, 0.966847561399847, 0.8419490247918551]
ap: [0.9961259079903148, 0.9961259079903148, 0.9956423887492922, 0.9951582030184908, 0.9937316837001545, 0.9903801926064668, 0.9870922648201063, 0.9772164167860428, 0.9434813217081433, 0.7242754104703196]
map50: 0.9961259079903148, map50_95: 0.9599229697839645
rss: 0.047242949815447265
第93次
train_loss为11.16651543060194
pre: [0.9995755768029144, 0.9993515756711192, 0.9990922059395668, 0.9986324141427241, 0.9976067247497672, 0.9960387168272008, 0.992867332382311, 0.9851569776352554, 0.9410523337381073, 0.41437851475460086], rec: [0.9972242151938933, 0.9970007409934016, 0.9967419813928323, 0.9962832711918232, 0.995259994589572, 0.9936956751861304, 0.9905317509791699, 0.982839533762247, 0.938838639865445, 0.41340374730948826]
ap: [0.9941789877061198, 0.9941789877061199, 0.9941800181632755, 0.994180652179659, 0.9912925208205754, 0.9889065904421874, 0.9843858130132705, 0.9641369557741695, 0.8820441753912468, 0.17962145427206888]
map50: 0.9941789877061198, map50_95: 0.8967106155468694
rss: 0.07793678584792091
第94次
train_loss为11.178435999455768
pre: [0.9992168505704133, 0.9987025434823266, 0.998036282027305, 0.9967388255096316, 0.9942257340564803, 0.9899125677950252, 0.9807017953992894, 0.9496680381522349, 0.7077917523845146, 0.18616747708995698], rec: [0.9940463039408352, 0.9935346581857507, 0.992871844366664, 0.9915811016663372, 0.9890810144539925, 0.9847901670988523, 0.9756270567577939, 0.9447538867634917, 0.7041292138097841, 0.1852041350279661]
ap: [0.99563350993223, 0.9956331970849229, 0.99420153066424, 0.9937218873491326, 0.9889283154550057, 0.9818238293050521, 0.9681421936555169, 0.9096030668639582, 0.53017074767531, 0.039920906768180456]
map50: 0.99563350993223, map50_95: 0.8397779184753549
rss: 0.1097184977387695
第95次
train_loss为11.16122640087233
pre: [0.9995864008602862, 0.9994209612044007, 0.9990546305377971, 0.998570128688418, 0.9978729187100434, 0.9964903158715716, 0.9942096120440069, 0.9881001618945204, 0.9597863465015422, 0.692223154461553], rec: [0.9984772831899147, 0.9983120271019984, 0.9979461029073268, 0.9974621386498578, 0.9967657022793536, 0.995384633544625, 0.9931064603326369, 0.9870037890860158, 0.9587213900397795, 0.6914550798541025]
ap: [0.9995311638576975, 0.9995305154468229, 0.9985919546980652, 0.9985920306640512, 0.9957829345918799, 0.9943869482007871, 0.9901696652153592, 0.9780002155641372, 0.9292808071725887, 0.4822434946592074]
map50: 0.9995311638576975, map50_95: 0.9366109730070595
rss: 0.05306082985354517
第96次
train_loss为11.140226274574044
pre: [0.9992489497031004, 0.9990025113244303, 0.9984392236017556, 0.9978172600746357, 0.9966437439857301, 0.9942145656816955, 0.989485295843406, 0.9795690848921539, 0.9459595841058981, 0.546083976811322], rec: [0.9967924705000937, 0.9965466379471811, 0.9959847349690953, 0.9953643004307923, 0.9941936692264469, 0.9917704626334519, 0.98705281887994, 0.9771609852032216, 0.9436341075107698, 0.5447415246300805]
ap: [0.9966451755855695, 0.9961661093512703, 0.9956861768995472, 0.9943037491220753, 0.9932777662643458, 0.9899211989588463, 0.980236659806114, 0.9633529157114824, 0.9023846196966675, 0.3071460712941989]
map50: 0.9966451755855695, map50_95: 0.9119120442690118
rss: 0.06936245532285472
第97次
train_loss为11.198055216577648
pre: [0.9993633501927635, 0.9991747132128415, 0.9988681781204682, 0.9980546811445549, 0.9965809547389146, 0.9942583619236256, 0.9892476921444487, 0.9773989318431012, 0.9077918862519011, 0.4520331529492213], rec: [0.9970710706471875, 0.9968828663514244, 0.9965770343708095, 0.9957654033453314, 0.9942950572846825, 0.9919777918931, 0.9869786152868939, 0.9751570329592772, 0.9057096478227116, 0.45099630649069566]
ap: [0.9961436666274764, 0.9956626988230923, 0.9956617381591762, 0.9951830094547995, 0.9937445495175451, 0.9894585511016797, 0.9799744089364693, 0.9560711448225169, 0.8327746555249249, 0.23532823667958255]
map50: 0.9961436666274764, map50_95: 0.8970002659647263
rss: 0.07758845807388526
第98次
train_loss为11.198000102214328
pre: [0.9993975120792922, 0.9990785478859762, 0.998570567874399, 0.9975309808739619, 0.9954163664071637, 0.9917187444624272, 0.9844298219707261, 0.9685524932367777, 0.907972923484034, 0.43726446857021345], rec: [0.9952471706548082, 0.9949295310698572, 0.9944236606197501, 0.9933883908613915, 0.9912825580574575, 0.987600291757841, 0.9803416390202584, 0.9645302463471448, 0.9042022540646102, 0.43544857768052514]
ap: [0.9946878560381772, 0.994245517158123, 0.994245517158123, 0.9938050386385792, 0.9902499264050991, 0.9835760763272162, 0.9720989331186695, 0.950480139642631, 0.8455304214143403, 0.20645581626061843]
map50: 0.9946878560381772, map50_95: 0.8925375242161577
rss: 0.08703013795577247
第99次
train_loss为11.187684064663697
pre: [0.9992187592476415, 0.9989228347202329, 0.9985558883062464, 0.997916691327044, 0.9969460588771439, 0.9950166309584404, 0.9916430913459832, 0.9823155502420663, 0.9469466507261988, 0.6436121731513594], rec: [0.998096386681801, 0.9978007945516458, 0.9974342603102535, 0.9967957813091184, 0.9958262391222096, 0.9938989784335982, 0.9905292281498297, 0.9812121642073401, 0.9458829928111994, 0.6428892357169883]
ap: [0.999043519846963, 0.9985648460204491, 0.998086250784213, 0.9971412171802003, 0.9962817139795632, 0.9926232434549609, 0.9871123797595948, 0.9691373225512232, 0.9007561198828428, 0.42187037651939907]
map50: 0.999043519846963, map50_95: 0.9260616989979409
rss: 0.08018748071628402
第100次
train_loss为11.17294370550729
pre: [0.9995540167830527, 0.9993779707763629, 0.9989202511589695, 0.9983451675371163, 0.9973358370987618, 0.9954462766269585, 0.9913854820726483, 0.9824658177337011, 0.9381374332492225, 0.47142773311425384], rec: [0.9966064804521573, 0.9964309535789929, 0.9959745837087658, 0.9954011959230958, 0.9943948418502873, 0.9925108534116573, 0.9884620335373345, 0.9795686719636776, 0.9353710053009116, 0.4700375627508572]
ap: [0.9949645237915198, 0.9940516463016028, 0.9935951208299615, 0.9922281719678524, 0.989953528206039, 0.9853822663447829, 0.9782012742849644, 0.964192303396715, 0.8848957568417825, 0.23117047448113526]
map50: 0.9949645237915198, map50_95: 0.9008635066446355
rss: 0.07365107520184554
最好的测试结果
best_pre: [0.9994418669550355, 0.9992441948349438, 0.9988372228229905, 0.9982790897780258, 0.9975000290694295, 0.9959186521086965, 0.9935117033522866, 0.9875582842059976, 0.9695119824188091, 0.8442692526831084], best_rec50: [0.9966951923745913, 0.9964980634986896, 0.9960922099306571, 0.9955356107516408, 0.9947586910642641, 0.9931816600570514, 0.990781326097544, 0.9848442681880377, 0.966847561399847, 0.8419490247918551]
best_ap: [0.9961259079903148, 0.9961259079903148, 0.9956423887492922, 0.9951582030184908, 0.9937316837001545, 0.9903801926064668, 0.9870922648201063, 0.9772164167860428, 0.9434813217081433, 0.7242754104703196]
best_map50: 0.9961259079903148, best_map50_95: 0.9599229697839645
best_rss: 0.047242949815447265
验证结果为
pre: [0.9996053303617031, 0.9992570924455588, 0.9989088545294145, 0.998630264196499, 0.9978873566420579, 0.996680131866091, 0.9938245809537076, 0.9882992060175512, 0.9701676185169708, 0.8440822770116544], rec: [0.9971283666427364, 0.9967809916398416, 0.9964336166369469, 0.996155716634631, 0.9954146499617887, 0.9942104166184201, 0.9913619415946828, 0.9858502582154188, 0.9677635997313633, 0.8419906903499225]
ap: [0.997269003186163, 0.997269003186163, 0.997269003186163, 0.997269003186163, 0.9963588786584417, 0.9945398760643483, 0.9888523304775262, 0.9754496539963365, 0.9441935534837029, 0.7471822569911928]
map50: 0.997269003186163, map50_95: 0.9635652562416201
rss: 0.04395812258003115
