第1次
train_loss为12.200112690208051
pre: [0.9970767651144531, 0.9949024581747902, 0.9899136316965634, 0.9775080026574863, 0.9455819290934347, 0.8609651506915504, 0.7041493024098568, 0.5244669928127076, 0.28542610376275895, 0.05142235912302953], rec: [0.972077631485974, 0.9699578396966343, 0.9650940952022046, 0.9529995053819158, 0.9218738959417764, 0.8393786654733024, 0.6864945709776951, 0.5113173328308641, 0.27826977883505666, 0.050133075817886334]
ap: [0.9713441646810586, 0.9684577835308802, 0.9595580297336804, 0.9407075119587487, 0.8811489132197663, 0.7411347812133411, 0.5082777259562385, 0.2945439881080557, 0.09002678294744701, 0.0030040268836695246]
map50: 0.9713441646810586, map50_95: 0.6358203708232886
rss: 0.29336132276282456
第2次
train_loss为11.565488635691912
pre: [0.9953076248049922, 0.9917365444617785, 0.9858009945397815, 0.9742345943837754, 0.9489323322932918, 0.8938182527301092, 0.7852598478939158, 0.5220115054602185, 0.18467238689547583, 0.020232059282371293], rec: [0.9558382883093778, 0.9524088206376703, 0.9467086474085865, 0.9356009176459572, 0.9113020272484667, 0.8583735193595206, 0.7541200430731776, 0.5013109227960111, 0.1773491268317805, 0.019429748583735192]
ap: [0.9537607651879432, 0.9482273457724606, 0.9401537357533507, 0.9193917870095812, 0.8769313678992071, 0.7812698991978754, 0.6075629476180237, 0.27226564291662164, 0.04020289464934121, 0.0005653179899376536]
map50: 0.9537607651879432, map50_95: 0.6340331703994343
rss: 0.5694871368046742
第3次
train_loss为11.457547632591158
pre: [0.9976854312065281, 0.9967170912010959, 0.9951228728994698, 0.9924422243478467, 0.987482434076121, 0.9779407423152774, 0.9594123829430451, 0.9050790614187362, 0.7249796294328126, 0.2768153422845739], rec: [0.9872280258945056, 0.9862698357054384, 0.9846923274673397, 0.9820397765780925, 0.9771319731706747, 0.9676902942344995, 0.9493561429339317, 0.8955923251302905, 0.7173806352099839, 0.27391385636495363]
ap: [0.9889426459049978, 0.9875292285250925, 0.9861331508002473, 0.9806248793076614, 0.9735629516093047, 0.9511821777723972, 0.9161179072744827, 0.8241011821021446, 0.5429426136083393, 0.08504806421902583]
map50: 0.9889426459049978, map50_95: 0.8236184801123694
rss: 0.18597439599762583
第4次
train_loss为11.418367493372267
pre: [0.9984151023139506, 0.997558083565198, 0.9959849258620083, 0.9935077894786274, 0.9897040350321089, 0.9816269268246869, 0.9602953779687482, 0.9045304593855293, 0.7479895279352892, 0.30680097207058077], rec: [0.9907500174747781, 0.9898995782753559, 0.9883384981010741, 0.9858803793191826, 0.9821058272559938, 0.9740907290477411, 0.9529229478785619, 0.8975861506558866, 0.742247023462802, 0.304445583541089]
ap: [0.9929010884997633, 0.9919547925435038, 0.9919547925435035, 0.9900635540936156, 0.9853433531675762, 0.9731236158024883, 0.9424467085367851, 0.832411959911159, 0.5804792144789364, 0.09934525306515701]
map50: 0.9929010884997633, map50_95: 0.8380024332642488
rss: 0.10884756044115013
第5次
train_loss为11.351525575730506
pre: [0.998077801004349, 0.9970926740190779, 0.9954948461039429, 0.9929479324347052, 0.9889833970061751, 0.9799370479828924, 0.960390686945866, 0.9063528676806266, 0.7030082414281938, 0.15801677118623705], rec: [0.9867448986863672, 0.9857709575504193, 0.9841912725372355, 0.9816732783808823, 0.9777537591752381, 0.9688101289878138, 0.9494857115708958, 0.8960614770648739, 0.6950257738081098, 0.15622253367223318]
ap: [0.9872664904023926, 0.9867548365289257, 0.9840058079885525, 0.9802770831156025, 0.9739067863918324, 0.9599668626352335, 0.9294504487215384, 0.8364261409621394, 0.5110069186813967, 0.027636596408457226]
map50: 0.9872664904023926, map50_95: 0.817669797183607
rss: 0.1493378226644776
第6次
train_loss为11.3064638716737
pre: [0.9986824456657211, 0.9981601718755564, 0.9969613161299512, 0.9950265291345686, 0.991584270063029, 0.9847116217788171, 0.9683074768241006, 0.9082816005317697, 0.5364701413700191, 0.05845905492183698], rec: [0.9913982042278415, 0.9908797398251361, 0.9896896283552895, 0.9877689534089035, 0.9843518016637994, 0.977529281455471, 0.9612447858977683, 0.9016567294322815, 0.5325572078335258, 0.05803266325737044]
ap: [0.9920179552578036, 0.9910572337533564, 0.9885673714070515, 0.9851544333304244, 0.9779444277669369, 0.9660709352473652, 0.9379075518077905, 0.8444331896059228, 0.2977335613938732, 0.004605831487639558]
map50: 0.9920179552578036, map50_95: 0.7985492491058164
rss: 0.20503068146770376
第7次
train_loss为11.306493682958882
pre: [0.9768256963933382, 0.9651956519074989, 0.9475238667140529, 0.9264451770242282, 0.8943246853515362, 0.8375470287626073, 0.7168715302883614, 0.4686577041385311, 0.14375176166374587, 0.01691197196044069], rec: [0.9350570128102857, 0.9239242644643612, 0.9070081178733987, 0.886830744685843, 0.8560837126366665, 0.801733846370419, 0.6862183848716625, 0.44861808455727087, 0.13760499272676083, 0.01618882267373657]
ap: [0.9292773744779741, 0.9065022241444313, 0.8758992803704816, 0.8396678758092774, 0.7779921546371237, 0.691296470877531, 0.5191872291372155, 0.2313019001859415, 0.025030039838600325, 0.0004715245603005766]
map50: 0.9292773744779741, map50_95: 0.5796626074038878
rss: 0.5809892178014767
第8次
train_loss为11.278657672505602
pre: [0.9966014456169731, 0.993621553730406, 0.9878957284111758, 0.9777985740847914, 0.9577150878575562, 0.9217963083818694, 0.833126054352243, 0.5953503835687284, 0.20790287030082133, 0.02009579983007228], rec: [0.9561359984878556, 0.9532771004630942, 0.9477837633493998, 0.9380965882241754, 0.9188285606275399, 0.8843682071637842, 0.7992982704848313, 0.5711771099139968, 0.1994612985540119, 0.01927984122483697]
ap: [0.960712118736671, 0.9550764531383942, 0.9420169956883289, 0.9297646569571479, 0.8983393275928154, 0.8351032324359143, 0.6854917415618158, 0.35207122711624955, 0.045146921460262404, 0.0005429163992421242]
map50: 0.960712118736671, map50_95: 0.6604265591086842
rss: 1.4580864759343475
第9次
train_loss为11.272353895209998
pre: [0.9986975652684071, 0.9978762100322676, 0.9963743033147551, 0.9930302141390437, 0.9870812555001467, 0.9744089175711352, 0.938363156350836, 0.7724024640657084, 0.25679084775594013, 0.012308594895863889], rec: [0.9916925909096205, 0.9908769967492747, 0.9893856245703566, 0.9860649912032344, 0.9801577592133012, 0.96757430645368, 0.9317813741596467, 0.7669847483892015, 0.2549896885595442, 0.012222261060039381]
ap: [0.9929873772791024, 0.9911117657971311, 0.9888371363627505, 0.9837741533032908, 0.974204454157134, 0.955107455908155, 0.889333561118605, 0.6074712095407258, 0.07777852679258143, 0.00020161407462058467]
map50: 0.9929873772791024, map50_95: 0.7460807254334096
rss: 0.12699876945411073
第10次
train_loss为11.264937457120434
pre: [0.9991210800168753, 0.9987109173580837, 0.9979960624384756, 0.9968827637931843, 0.9951014859607181, 0.991433459897811, 0.9839919373740215, 0.9660854075844935, 0.8748300754699292, 0.42577227769183895], rec: [0.9954464254439735, 0.9950377713171507, 0.9943255455532594, 0.99321634149474, 0.9914416150011092, 0.9877870795240931, 0.9803729260803064, 0.9625322544864385, 0.8716125491844431, 0.424206335306549]
ap: [0.9964507046995135, 0.9959437787947638, 0.9954655819135927, 0.9950633502389544, 0.9939171287134843, 0.9898706509649848, 0.9797905674354492, 0.9428051545766369, 0.7855847644825944, 0.2042582251407224]
map50: 0.9964507046995135, map50_95: 0.8879149906960697
rss: 0.06042205753459737
第11次
train_loss为11.255587972255674
pre: [0.9939410663723185, 0.989645822335269, 0.9825910639727408, 0.9720689158708068, 0.9551758890435283, 0.928264625425925, 0.8729423621442626, 0.7171257858616883, 0.30942554110476556, 0.03262225848250708], rec: [0.9663132355857275, 0.962137383210274, 0.9552787206494734, 0.9450490487688235, 0.9286255846776545, 0.9024623531744643, 0.8486778411543082, 0.6971923808190736, 0.3008246725221915, 0.031715482147647876]
ap: [0.9701868022799442, 0.9630358358982656, 0.950366753719513, 0.9319960601678189, 0.9063475727591669, 0.854899235095109, 0.7601790802106878, 0.5336929049295932, 0.10010650612118385, 0.001371939932120442]
map50: 0.9701868022799442, map50_95: 0.6972182691113403
rss: 0.38725114240975117
第12次
train_loss为11.221511696769133
pre: [0.9970602587448376, 0.9948108211042478, 0.9915021244688828, 0.9864438652241702, 0.978600587948251, 0.9652824889015841, 0.9393127908499066, 0.8637959557729615, 0.5133002463669797, 0.05746182501993549], rec: [0.976967661430454, 0.9747635540939253, 0.9715215337788196, 0.9665652077575249, 0.9588799869386232, 0.9458302720731437, 0.9203839111826377, 0.8463888791706026, 0.5029563026974075, 0.056303863601907894]
ap: [0.9783324314583967, 0.9750803924412155, 0.9681172118308239, 0.9593639146264734, 0.946585406240177, 0.926604514582298, 0.8823742162758984, 0.7629171458660295, 0.28790690182175294, 0.004101995051946435]
map50: 0.9783324314583967, map50_95: 0.7691384130195011
rss: 0.27412599659732245
第13次
train_loss为11.220650658389282
pre: [0.999259581369657, 0.9989070010694936, 0.9982018404691668, 0.9972498736587257, 0.9959218211947771, 0.992772103846651, 0.9872013351040699, 0.9737562729911737, 0.9262637065591689, 0.45425270605380375], rec: [0.9925405367544914, 0.9921903272124488, 0.9914899081283635, 0.9905443423648483, 0.9892252197564876, 0.9860966811809065, 0.9805633704166327, 0.9672087132134061, 0.9200354879002604, 0.45119830031635594]
ap: [0.9961010780503562, 0.9961010780503562, 0.9956122766643297, 0.9946360484380395, 0.9912661733599615, 0.9893433649929032, 0.9790002089743759, 0.9607134343591031, 0.8745582431532186, 0.21446919795623223]
map50: 0.9961010780503562, map50_95: 0.8991801103998875
rss: 0.08137814101771182
第14次
train_loss为11.225336413851993
pre: [0.9992768741998198, 0.9989093840390725, 0.99823367632415, 0.9966925885532743, 0.9942149935985585, 0.9880269334724264, 0.9756271041775333, 0.9341362795770307, 0.7662644032433971, 0.21474465361088718], rec: [0.994572591587517, 0.9942068314553714, 0.9935343047607811, 0.9920004719485576, 0.9895345407350599, 0.9833756120582856, 0.9710341572768568, 0.9297386584862251, 0.7626570703793286, 0.21373370302637013]
ap: [0.9937002993693999, 0.9928025730829632, 0.9928047726759069, 0.9896069764902967, 0.9854269934403849, 0.9762551030276845, 0.9520192138446812, 0.881102680397173, 0.6082386174714584, 0.05205414426410339]
map50: 0.9937002993693999, map50_95: 0.8424011374064053
rss: 0.12212588725187874
第15次
train_loss为11.187539554436842
pre: [0.9992587101556709, 0.9988115829479802, 0.9982114911692377, 0.9972937037429254, 0.9958111240542671, 0.9931283608081236, 0.9876804687775778, 0.9753256380387588, 0.9261063456763976, 0.5769470624919105], rec: [0.9964798648268094, 0.9960339810382052, 0.9954355580587628, 0.9945203229137333, 0.9930418661409931, 0.9903665634093682, 0.984933821458744, 0.9726133483525767, 0.9235309302543885, 0.5753426264901905]
ap: [0.995700184947185, 0.9956996627825414, 0.9947734410867168, 0.993761919679724, 0.9924456725894154, 0.9878834518106611, 0.9799563035807818, 0.9558911857814164, 0.8660932470816964, 0.34552426773285183]
map50: 0.995700184947185, map50_95: 0.9107729337072991
rss: 0.05969698300647032
第16次
train_loss为11.218759104576831
pre: [0.9992489144466612, 0.9989672573641591, 0.998403943199155, 0.9975120291045652, 0.9961976293862222, 0.9935570942377655, 0.9886750381410633, 0.9758009623283652, 0.9188944959511794, 0.3927355944138012], rec: [0.9962907925066988, 0.9960099692264489, 0.995448322665949, 0.9945590489451576, 0.9932485403039912, 0.9906158220516481, 0.9857482185273159, 0.9729122544258919, 0.916174250845395, 0.39157296139849995]
ap: [0.9980938914542512, 0.9976166756438604, 0.9976163067568552, 0.9971418758681433, 0.9971420400006453, 0.9943783361733898, 0.9859997633146869, 0.9649215224575994, 0.8749722696013005, 0.1692218835613702]
map50: 0.9980938914542512, map50_95: 0.8977104564832101
rss: 0.11352660154494122
第17次
train_loss为11.19874879562156
pre: [0.998828125, 0.9982244318181818, 0.997265625, 0.9953716856060606, 0.9920454545454546, 0.9862571022727272, 0.975284090909091, 0.9426728219696969, 0.8477627840909091, 0.4805752840909091], rec: [0.9883572474377745, 0.9877598828696925, 0.9868111273792094, 0.9849370424597365, 0.9816456808199121, 0.9759180087847731, 0.9650600292825768, 0.9327906295754026, 0.8388755490483163, 0.4755373352855051]
ap: [0.9900505359571381, 0.989159867085014, 0.9860392553627358, 0.9825623992431497, 0.9776748290773516, 0.9684802857964329, 0.9513424867201845, 0.8933195794970364, 0.7411848223645014, 0.24113439753617233]
map50: 0.9900505359571381, map50_95: 0.8720948458639717
rss: 0.17778121802598096
第18次
train_loss为11.203193587836164
pre: [0.999263876521223, 0.998860195903829, 0.9983021668150787, 0.9974116948649451, 0.9960225586227367, 0.9935529830810329, 0.9889462748590087, 0.9783793410507569, 0.9389967349361829, 0.6170614425645592], rec: [0.9961886725454223, 0.995786234242765, 0.9952299224714446, 0.9943421909214654, 0.9929573297034977, 0.9904953542048884, 0.9859028229863289, 0.9753684085932414, 0.9361070012428242, 0.6151624548736462]
ap: [0.9939007915359007, 0.9939000839255752, 0.9924978459047956, 0.9911075932654478, 0.9901811958606053, 0.9827288416809763, 0.9771602869373022, 0.9578058939128962, 0.8895632171855556, 0.41590604455992836]
map50: 0.9939007915359007, map50_95: 0.9184751794768984
rss: 0.07442145043703548
第19次
train_loss为11.182477380668523
pre: [0.9990583130691841, 0.9983431078052735, 0.9969961378915749, 0.994516759643351, 0.9903685691126687, 0.9817384255948124, 0.9623325227673676, 0.8795236732942354, 0.46503838268249653, 0.03212463643732418], rec: [0.987673670441556, 0.9869666152087581, 0.985634994520322, 0.9831838697132891, 0.9790829493630611, 0.970551149553966, 0.951366384237382, 0.8695011725332611, 0.45973909661909756, 0.031758564206507266]
ap: [0.9897119020149208, 0.9883081173021577, 0.9859356290752084, 0.9830997674823164, 0.9748439003736797, 0.9618790188931111, 0.9303794865926814, 0.783125398834954, 0.23189121985190508, 0.0016340612962993239]
map50: 0.9897119020149208, map50_95: 0.7830808501717235
rss: 0.19402496510262418
第20次
train_loss为11.168681531565065
pre: [0.9993623804463337, 0.9989018774353524, 0.9982760656511985, 0.9968000944621561, 0.9947809658755461, 0.9902349746132956, 0.980186562758295, 0.9334041799504074, 0.4389302160821821, 0.040854882512693355], rec: [0.9954248750367539, 0.9949661864157601, 0.9943428403410761, 0.9928726845045575, 0.9908615113202, 0.9863334313437224, 0.9763246104087033, 0.9297265510144075, 0.43720082328726845, 0.040693913554836814]
ap: [0.9949929105100277, 0.9940846034649227, 0.9936301961917358, 0.9913279665787529, 0.9886208827458784, 0.9818003516891777, 0.9626472823987947, 0.8796265702390629, 0.18780253592163532, 0.002100483860166716]
map50: 0.9949929105100277, map50_95: 0.7976633783600156
rss: 0.13067523765170028
第21次
train_loss为11.21223158811709
pre: [0.9993569821026685, 0.9991545505423975, 0.9986663332499791, 0.9979518689196109, 0.9966539253861084, 0.9946177020445588, 0.9903547315400278, 0.9810071565510425, 0.9359006418271234, 0.48861024780004525], rec: [0.9967339667458432, 0.9965320665083135, 0.9960451306413302, 0.995332541567696, 0.9940380047505938, 0.9920071258907364, 0.9877553444180522, 0.9784323040380047, 0.9334441805225653, 0.48732779097387174]
ap: [0.9956763072151706, 0.9956763072151705, 0.9951973803542011, 0.9947124202738324, 0.9937490002185063, 0.9906021243411609, 0.9850833011839591, 0.9713244101121187, 0.8897348198379809, 0.2530518416075068]
map50: 0.9956763072151706, map50_95: 0.9064807912359608
rss: 0.03911554164114979
第22次
train_loss为11.185809083755222
pre: [0.9993695124229404, 0.9990309172426677, 0.998447132449094, 0.9976181580422193, 0.9965439940220437, 0.994185503456006, 0.9892933868858584, 0.9778745563235569, 0.9257308985615542, 0.5668433588641884], rec: [0.9964029195720755, 0.9960653294995518, 0.9954832776503731, 0.9946567640245393, 0.9935857886220505, 0.9912342991513684, 0.9863567046552507, 0.9749717704853148, 0.9229828993166711, 0.5651607045155582]
ap: [0.9958208541511695, 0.9953583135602392, 0.9953566457863113, 0.9934968568796886, 0.9934724495827946, 0.988386751778938, 0.9809706516558566, 0.9624172709250008, 0.8701118281188693, 0.3324246292314754]
map50: 0.9958208541511695, map50_95: 0.9107816251670343
rss: 0.08735172622216202
第23次
train_loss为11.194678616003623
pre: [0.9990707303588863, 0.9986825544328515, 0.9981885123451707, 0.9969886958465176, 0.9950360533094939, 0.9910249020738005, 0.9833554868079, 0.9664169009445615, 0.9121899003681789, 0.6080834695870043], rec: [0.9959661342902038, 0.9955791646145548, 0.9950866577546378, 0.993890569666268, 0.9919439949342151, 0.9879453082858416, 0.9802997256033209, 0.9634137761204531, 0.9093552850676611, 0.6061938600811464]
ap: [0.9953961283482371, 0.9953946551046597, 0.9949359252381169, 0.9931076891337174, 0.9902454952399579, 0.9828210903122064, 0.9731607736222209, 0.9392244938361407, 0.8431394573881045, 0.3869895626582358]
map50: 0.9953961283482371, map50_95: 0.9094415270881597
rss: 0.0942825237079157
第24次
train_loss为11.186755340558294
pre: [0.999359992414725, 0.9990518406144073, 0.9985303529523313, 0.9977244174745775, 0.9962073624576291, 0.9932562163699717, 0.9872591082560979, 0.9708203949083841, 0.9055633251949653, 0.41966719605565694], rec: [0.9902757551557289, 0.9899704044722131, 0.9894536571616479, 0.9886550476816837, 0.9871517827782215, 0.9842274627707052, 0.9782848686992061, 0.961995584159346, 0.8973317047963546, 0.4158523981772913]
ap: [0.9920840244724237, 0.9916431039707226, 0.9916431039707226, 0.990725157722502, 0.9880032647173175, 0.984348913868873, 0.9743310241540379, 0.9398896904971091, 0.8189497255852284, 0.1963802029949048]
map50: 0.9920840244724237, map50_95: 0.8867998211953841
rss: 0.1379830049792161
第25次
train_loss为11.19464501252383
pre: [0.9993616040289879, 0.9990187617482592, 0.9984158322200811, 0.9972690839017816, 0.99583860404081, 0.9927530235142517, 0.9871493255464788, 0.973293768545994, 0.9285705841323135, 0.7005331788572712], rec: [0.9956420856742401, 0.9953005194162751, 0.9946998339281298, 0.9935573536859711, 0.9921321979199793, 0.9890581015982945, 0.9834752600025912, 0.9696712719220758, 0.9251145424778865, 0.6979258683438748]
ap: [0.9962511715089035, 0.994846671692106, 0.9934552465039741, 0.9921294374189082, 0.9919850703134263, 0.9883053971724961, 0.9794528579527269, 0.956664438388154, 0.880339223105743, 0.5131530023081486]
map50: 0.9962511715089035, map50_95: 0.9286582516364585
rss: 0.06291452527883991
第26次
train_loss为11.174817225120934
pre: [0.9995517757935338, 0.9993748451857182, 0.9989855978485238, 0.9982188985479895, 0.9970865426579696, 0.9950577383550172, 0.9906344731596268, 0.9795704124842237, 0.9272343386923648, 0.503308602366152], rec: [0.9964019894881654, 0.9962256164238598, 0.9958375956823874, 0.9950733124037296, 0.9939445247921738, 0.9919221136548027, 0.9875127870471622, 0.9764835914259175, 0.9243124390043153, 0.5017225769280516]
ap: [0.9966562030006829, 0.9966562030006828, 0.9966564834663618, 0.9961791148432819, 0.9937988991518069, 0.9911107062011824, 0.9876005330475028, 0.9647293627279762, 0.8745619189094355, 0.26946634076194675]
map50: 0.9966562030006829, map50_95: 0.906741576511086
rss: 0.06198537163219152
第27次
train_loss为11.178589393213963
pre: [0.9994826390113701, 0.9992122003127683, 0.9988241795712959, 0.9980951709054993, 0.9968252848424989, 0.9949322139522853, 0.9914400272790339, 0.9836325796324386, 0.9540136630333815, 0.7477747598386775], rec: [0.9971377291869509, 0.9968679249709668, 0.9964808145741199, 0.9957535162527713, 0.9944866094994546, 0.9925979799875655, 0.9891139864159443, 0.981324856006663, 0.9517754290473565, 0.746020387814234]
ap: [0.9939462605196564, 0.9934826556552667, 0.993482702590312, 0.9925573193905766, 0.9916315199860686, 0.987946529958017, 0.9851870550383759, 0.9687070494450871, 0.92276450747229, 0.5833290180305547]
map50: 0.9939462605196564, map50_95: 0.9413034618086205
rss: 0.048734208861141506
第28次
train_loss为11.18554020564433
pre: [0.9994862633834226, 0.9991126367531846, 0.998447114318073, 0.9976414818966222, 0.9961936787044496, 0.9933330998166894, 0.9868179854519131, 0.9676229173234322, 0.8306420540123998, 0.14314570270996066], rec: [0.9969254777737664, 0.9965528084130109, 0.995888991114165, 0.9950854228050356, 0.9936413290321078, 0.9907880792388228, 0.9842896572606473, 0.965143768851829, 0.8285138644648119, 0.14277894883948433]
ap: [0.9963403476669715, 0.9958833091751356, 0.9949862012004993, 0.9940894298919162, 0.9921740651059969, 0.9876111882106059, 0.9749741067115516, 0.9397877977752571, 0.712001753400027, 0.025084565116903827]
map50: 0.9963403476669715, map50_95: 0.8612932764254865
rss: 0.10504067123566535
第29次
train_loss为11.144660760507522
pre: [0.9993742103833847, 0.9989727604406503, 0.9982525120139799, 0.997366960669713, 0.9956430873862067, 0.9922543775754785, 0.9861263622731513, 0.9708476497467323, 0.9057419149162268, 0.37968899436789344], rec: [0.9947465535275659, 0.9943469625207141, 0.9936300492437152, 0.9927485984933069, 0.9910327076991785, 0.9876596894942823, 0.9815600503014562, 0.9663520866877431, 0.9015478275177171, 0.37793082374510795]
ap: [0.9944494864825971, 0.9939872772057586, 0.9935468655296226, 0.992056882826176, 0.9899334532593993, 0.985427286901209, 0.9766374994778378, 0.94107586503085, 0.8282681433133663, 0.16020875484463046]
map50: 0.9944494864825971, map50_95: 0.8855591514871447
rss: 0.12426339044858724
第30次
train_loss为11.169440533291038
pre: [0.9996358895453318, 0.9993774885775026, 0.9988137046476938, 0.998132465732508, 0.9969109338845887, 0.9950668906141721, 0.9912496035894244, 0.981888441254889, 0.9431870235732156, 0.6989981089747355], rec: [0.9964407811548729, 0.9961832061068703, 0.9956212241839554, 0.9949421626937667, 0.993724535194118, 0.9918863859879173, 0.988081300051515, 0.9787500585397836, 0.9401723411230272, 0.6967639207605488]
ap: [0.9968210717529519, 0.9959135769827597, 0.995008219194564, 0.9945556701634766, 0.9926921954322323, 0.990926309275838, 0.9845986687366038, 0.9661857551628218, 0.8997188795904996, 0.5113036590941684]
map50: 0.9968210717529519, map50_95: 0.9327724005385916
rss: 0.07147235869950046
第31次
train_loss为11.171374548544646
pre: [0.9995174256423536, 0.9991760925601159, 0.9987523687338896, 0.9981403232071185, 0.9969280022598604, 0.9953978884429326, 0.9919492473017031, 0.983051046950954, 0.9318628547215781, 0.546486034768894], rec: [0.9968657189477268, 0.9965252914177046, 0.9961026917252632, 0.9954922699472925, 0.9942831652716964, 0.9927571108267693, 0.9893176188855107, 0.9804430253442427, 0.9293906347212603, 0.5450362144458661]
ap: [0.9956745838657864, 0.9951943509986569, 0.9951936195259576, 0.9947151917516832, 0.9937686874995232, 0.9910665497401434, 0.9838096356961477, 0.9673626133171176, 0.8872408678807351, 0.323825181373698]
map50: 0.9956745838657864, map50_95: 0.9127851281649448
rss: 0.0607531226847977
第32次
train_loss为11.142294900746522
pre: [0.9994688510658388, 0.9990911451571021, 0.9987252425580133, 0.9977809777861713, 0.996246547531928, 0.9935199830032341, 0.9883619366870471, 0.9748943603786502, 0.9037912230589458, 0.45223200585444157], rec: [0.9960710966816059, 0.9956946748067897, 0.9953300161155615, 0.9943889614285211, 0.9928597475620802, 0.9901424521532508, 0.985001940925292, 0.9715801484513769, 0.9007187305172272, 0.4506946159908718]
ap: [0.9963215974776668, 0.9963215974776668, 0.9963215974776668, 0.9953559656065296, 0.9943906889323422, 0.9908298263284797, 0.984769403409891, 0.9657225431193206, 0.8372950093038858, 0.22317789322082127]
map50: 0.9963215974776668, map50_95: 0.898050612235427
rss: 0.09391249000044012
第33次
train_loss为11.174986573904624
pre: [0.9996825508800395, 0.9993886165097057, 0.998965351016425, 0.9982599085276239, 0.9972017447944223, 0.9955439549457397, 0.9919226835032274, 0.9824344820288526, 0.939320188588292, 0.4528940778103065], rec: [0.9967410672418644, 0.9964479977492263, 0.9960259776798275, 0.995322610897496, 0.9942675607239989, 0.99261464878552, 0.9890040326362187, 0.979543749413861, 0.9365563162337054, 0.4515614742567758]
ap: [0.9964139987702362, 0.9959658100257452, 0.9959651706873061, 0.9955178020751516, 0.9941709928334811, 0.9908982469461795, 0.9867663653632973, 0.9705822252939931, 0.8918752092184606, 0.22588311240362763]
map50: 0.9964139987702362, map50_95: 0.9044038933617479
rss: 0.04750192581794049
第34次
train_loss为11.17030246181599
pre: [0.9993674370658451, 0.9991448686260499, 0.9985825904623566, 0.9975400330338421, 0.9959820539552755, 0.992901238183373, 0.9870324598498249, 0.9748849086883691, 0.9349631590661497, 0.629282978200007], rec: [0.9950662498833629, 0.9948446393580292, 0.9942847811887655, 0.9932467108332556, 0.9916954371559205, 0.9886278809368293, 0.9827843612951386, 0.9706890920966689, 0.93093916207894, 0.6265746011010545]
ap: [0.9957264957264957, 0.9957264957264957, 0.9957264957264957, 0.9938278871131044, 0.9914284675650915, 0.9873859414998528, 0.9785868843150226, 0.9577214933605867, 0.8825499870889429, 0.41113680421370125]
map50: 0.9957264957264957, map50_95: 0.918981695233579
rss: 0.07620346473521887
第35次
train_loss为11.142679741962917
pre: [0.9992348982055972, 0.9985893435665698, 0.9974177814438906, 0.9956604382598716, 0.9922772537627467, 0.9862520771318246, 0.9722172410907483, 0.9345120682853352, 0.8195794331073892, 0.4134418821504142], rec: [0.9864864864864865, 0.9858491679452378, 0.9846925528148236, 0.9829576301192021, 0.9796176088752508, 0.9736693024902632, 0.9598135253157087, 0.922589401628703, 0.8091230968960227, 0.40816711908414965]
ap: [0.9816336394393427, 0.9802359881554243, 0.9788462210384058, 0.9755113670026545, 0.9699374644835456, 0.9592877164152425, 0.9346997640260195, 0.8760709022767577, 0.6869174707024687, 0.1820102808969903]
map50: 0.9816336394393427, map50_95: 0.8525150814436853
rss: 0.14914910578923896
第36次
train_loss为11.162084754098137
pre: [0.9994903280864783, 0.9991940072065238, 0.9987554523041912, 0.9979731651811113, 0.9969893798596624, 0.9950810733927555, 0.9914422529869145, 0.9835838232505215, 0.9567845628674378, 0.7006803527403755], rec: [0.9969615284575915, 0.9966659572958786, 0.9962285119765435, 0.9954482041096214, 0.9944669078527346, 0.9925634295713036, 0.9889338157054692, 0.9810952684968433, 0.9543638126315291, 0.6989075689863091]
ap: [0.9955740749497171, 0.9955740749497171, 0.9955740749497171, 0.9936155181540008, 0.9892657480579122, 0.9873320541086025, 0.9831681809250807, 0.9740013247885632, 0.9230984194535812, 0.5218272521358863]
map50: 0.9955740749497171, map50_95: 0.9359030722472778
rss: 0.05165566277971742
第37次
train_loss为11.162585514663586
pre: [0.9981191890037616, 0.9966523930066952, 0.9945941470108117, 0.9912228820175543, 0.9859353190281294, 0.9764011450471977, 0.9574629160850742, 0.9080058671839882, 0.48722468002555064, 0.03202110293595779], rec: [0.987570370196978, 0.9861190763216723, 0.9840825833030981, 0.9807469481864679, 0.9755152678456479, 0.9660818576561604, 0.9473437810887045, 0.8984094287285963, 0.48207535024168724, 0.03168268161655411]
ap: [0.9883512544802867, 0.986109835518163, 0.9834177853056498, 0.9775994200750805, 0.9663379688389315, 0.9497958280987798, 0.910340600311986, 0.8304845962848508, 0.24310906256875847, 0.0013289555464425936]
map50: 0.9883512544802867, map50_95: 0.783687530702893
rss: 0.18011103150846666
第38次
train_loss为11.179724194657235
pre: [0.999470139412208, 0.9992699698568199, 0.9986459118311982, 0.9979747550866617, 0.9968090617935192, 0.9947131688018086, 0.9907215523737755, 0.9796886774679728, 0.9141272607385079, 0.4372409570459683], rec: [0.9966536727409355, 0.9964540672553072, 0.9958317678001127, 0.9951625023482998, 0.9940000939319933, 0.9919101070824723, 0.9879297388690588, 0.9769279541611873, 0.9115512868683073, 0.43600882960736426]
ap: [0.9981360671015843, 0.9981360671015843, 0.9976704631792401, 0.997205286267798, 0.9966992614092043, 0.9929000214145997, 0.9867167118995486, 0.9691751691341189, 0.860154449732013, 0.21560630209778225]
map50: 0.9981360671015843, map50_95: 0.9012399799337473
rss: 0.07051824296123736
第39次
train_loss为11.147187270798243
pre: [0.999469977150126, 0.9991872982968599, 0.9986690537325387, 0.9976678994605546, 0.9962191703375657, 0.9936279475159596, 0.9889166332948576, 0.979812018562578, 0.9499069515441332, 0.651880992202775], rec: [0.9948298905015358, 0.994548523998218, 0.9940326854088021, 0.993036179042885, 0.9915941757133814, 0.9890149827663016, 0.9843255410443387, 0.9752631949166451, 0.945496963586485, 0.6488546038594105]
ap: [0.9957531266970927, 0.9957531266970927, 0.9952824466225796, 0.9943552238659886, 0.9911319443759271, 0.9876974805157982, 0.9796768575538384, 0.9636259412958017, 0.910863977634743, 0.4374453782194041]
map50: 0.9957531266970927, map50_95: 0.9251585503478266
rss: 0.10509893561681781
第40次
train_loss为11.164280050509596
pre: [0.9995337397568452, 0.9991607315623215, 0.9987760668617188, 0.9980533634848291, 0.9969576519134155, 0.9953373975684529, 0.9918054762265559, 0.9832729137768246, 0.953397288696686, 0.6884332490179393], rec: [0.9966989411039949, 0.9963269908058535, 0.9959434170608953, 0.9952227633582462, 0.9941301593574559, 0.9925145002499041, 0.9889925958643776, 0.9804842327943929, 0.9506933386026293, 0.6864807690072414]
ap: [0.9982038616973506, 0.9982038616973506, 0.9982038616973506, 0.9977549546191803, 0.9955103318401716, 0.9928255108540983, 0.9852037899508411, 0.9747545887852223, 0.9207548149780062, 0.494077839911914]
map50: 0.9982038616973506, map50_95: 0.9355493416031486
rss: 0.0834219006481488
第41次
train_loss为11.160710443853645
pre: [0.9994742437873141, 0.9991237396455235, 0.9984811487189074, 0.9975114205932867, 0.9956771155845825, 0.9923590097089647, 0.9853606103445456, 0.9639331238097464, 0.8429157271208422, 0.11144863361802058], rec: [0.9960296668878875, 0.9956803707196665, 0.9950399944112613, 0.9940736083458498, 0.9922456250654931, 0.9889389546730005, 0.9819646745141872, 0.9606110354302747, 0.8400107117491588, 0.11106453828868164]
ap: [0.9940085337810031, 0.9930890083180368, 0.9930891343625261, 0.9917114203827856, 0.989433624344896, 0.9844597645909787, 0.9722992769977121, 0.9352718970988172, 0.7241723408629503, 0.016861664564323895]
map50: 0.9940085337810031, map50_95: 0.859439666530403
rss: 0.13394556312766084
第42次
train_loss为11.154077706594983
pre: [0.9996005639097745, 0.9992246240601503, 0.998766447368421, 0.9981672932330827, 0.9972391917293233, 0.9956766917293233, 0.9930098684210527, 0.9869595864661654, 0.9688557330827068, 0.8056743421052631], rec: [0.9970820882404641, 0.9967070955645397, 0.996250073240757, 0.9956524286635027, 0.9947266654948146, 0.9931681021855042, 0.9905079978906662, 0.9844729595125096, 0.96641471846253, 0.8036444600691393]
ap: [0.9961941008563273, 0.9961941008563273, 0.9952432587823535, 0.9942937794257436, 0.9938081057766133, 0.9923876403035897, 0.9881017815111139, 0.9790887866139864, 0.9525781975882646, 0.6736406047872769]
map50: 0.9961941008563273, map50_95: 0.9561530356501595
rss: 0.047363011247447274
第43次
train_loss为11.156655604105154
pre: [0.999295219437609, 0.9987098932078267, 0.9976945313806532, 0.9959624435578278, 0.9924146498793511, 0.9857490981197888, 0.9715698688391428, 0.9332847552380725, 0.7450725087798934, 0.06636882719736245], rec: [0.9950518014535333, 0.9944689607593582, 0.993457910575585, 0.9917331779091482, 0.9882004496199641, 0.9815632025311939, 0.9674441840825017, 0.9293216448002284, 0.741908624852803, 0.06608699789463668]
ap: [0.9946180926651278, 0.9931537526509199, 0.9907827660199552, 0.9868611418742359, 0.9829937281171977, 0.9715065321406653, 0.9485978915039774, 0.8706093114457066, 0.5625584576109777, 0.005294277048825721]
map50: 0.9946180926651278, map50_95: 0.830697595107759
rss: 0.1541515013142244
第44次
train_loss为11.143896501514089
pre: [0.9995565617196069, 0.9992764954372535, 0.998879734870586, 0.9983662800196046, 0.99749107288725, 0.9960790720470512, 0.9933951035078302, 0.9869535790137, 0.9653301281303241, 0.4263308983126006], rec: [0.9974265519289216, 0.9971470824551393, 0.9967511673672811, 0.9962388066653469, 0.9953654645597774, 0.9939564726294584, 0.9912782235057117, 0.9848504256087195, 0.9632730533204467, 0.4254224064650605]
ap: [0.9978883248035244, 0.9974650300974752, 0.997466861263365, 0.9957790724076685, 0.9940572209681584, 0.9923360736121143, 0.9882890116901133, 0.9798183297932249, 0.9390052488540154, 0.1936789279740237]
map50: 0.9978883248035244, map50_95: 0.9075784101463682
rss: 0.054378136612070874
第45次
train_loss为11.129641758652468
pre: [0.9995909638061402, 0.9993455420898244, 0.9990299998831326, 0.9983755419729569, 0.9974522888496734, 0.9955006018675424, 0.9917491556324284, 0.9826218051351573, 0.9450722825388292, 0.5455257283765937], rec: [0.9975856961242842, 0.9973407667455884, 0.997025857544408, 0.9963727125345525, 0.9954513115385064, 0.9935035398126874, 0.9897596193097656, 0.9806505790830311, 0.9431763841425722, 0.5444313556257946]
ap: [0.9985888993414863, 0.9985888993414863, 0.9976476035639461, 0.9967517978346072, 0.9953747168767146, 0.9921690415754816, 0.9826407707254989, 0.9676653610045431, 0.9039264281316309, 0.32389238253203245]
map50: 0.9985888993414863, map50_95: 0.9157245900927429
rss: 0.05211301832847312
第46次
train_loss为11.165678481113353
pre: [0.9994634379629306, 0.9991951569443959, 0.9987985676126488, 0.9982620055755794, 0.9970139156197875, 0.9951359484900444, 0.9916832884254237, 0.9836581866536025, 0.9625573013262414, 0.8136613360394723], rec: [0.996661703810543, 0.9963941748476248, 0.9959986972502676, 0.9954636393244312, 0.9942190480621598, 0.9923463453217326, 0.9889033638859164, 0.9809007583864514, 0.9598590238682362, 0.8113804494486577]
ap: [0.9986388384754991, 0.9981844179116005, 0.9977304096334885, 0.9977304096334885, 0.995465958567913, 0.9926850780307953, 0.9879912463095035, 0.9755517608210492, 0.9383348673680484, 0.6854848510121636]
map50: 0.9986388384754991, map50_95: 0.956779783776355
rss: 0.04435912650155056
第47次
train_loss为11.151149370481535
pre: [0.9993886524489172, 0.9990594653060265, 0.9984598744386184, 0.9972959627548261, 0.9952385431117591, 0.9916997813256837, 0.9842930706106422, 0.9659291307108091, 0.8803404735592184, 0.1960074302240824], rec: [0.9956778916544656, 0.9953499267935578, 0.9947525622254758, 0.993592972181552, 0.9915431918008785, 0.9880175695461201, 0.9806383601756955, 0.9623426061493412, 0.8770717423133235, 0.1952796486090776]
ap: [0.9945380063723259, 0.9936289858672946, 0.9918354641582908, 0.9904737405442416, 0.98575473925721, 0.9788828888495646, 0.970947760713375, 0.9343178275590803, 0.7851542794495914, 0.04355964169230795]
map50: 0.9945380063723259, map50_95: 0.8669093334463283
rss: 0.1036799053769342
第48次
train_loss为11.128827042881152
pre: [0.9994588935549518, 0.9991177612308996, 0.9987178129889073, 0.998106127442331, 0.9970003881850584, 0.9954358847678536, 0.9927774052769641, 0.986884050299373, 0.9668866381997624, 0.6756066861935515], rec: [0.9968205922380214, 0.9964803604110939, 0.9960814679243513, 0.9954713970622742, 0.9943685766577502, 0.9928082031066685, 0.990156741283026, 0.9842789431695528, 0.9643343188324183, 0.673823267164109]
ap: [0.9967889908256881, 0.9963301940378826, 0.995871819445748, 0.9954138670492843, 0.9940413047979472, 0.9926472711549502, 0.9857747156770461, 0.9784279550218551, 0.9420248338363507, 0.4954516860384114]
map50: 0.9967889908256881, map50_95: 0.9372772637885163
rss: 0.06802065603812432
第49次
train_loss为11.138798033528833
pre: [0.9994309627399144, 0.9991582990527901, 0.9987907958223181, 0.9981032091330481, 0.9972140884141643, 0.9954239920334783, 0.9919860585871279, 0.984896802721895, 0.964447026187569, 0.7482721420696359], rec: [0.9968665011233298, 0.996594537069883, 0.9962279768239328, 0.9955421544282843, 0.9946553151235663, 0.9928698119900674, 0.9894407000118245, 0.9823696346222065, 0.9619723306136928, 0.7463521343265933]
ap: [0.9971416435240703, 0.9961914929754703, 0.9957160320770101, 0.9947660500647907, 0.9919314572401403, 0.9886274295879491, 0.9828848530696721, 0.9724988641655615, 0.9311181012132086, 0.5801427848348837]
map50: 0.9971416435240703, map50_95: 0.9431018708752756
rss: 0.047026237473145605
第50次
train_loss为11.141105027543688
pre: [0.9995657175051057, 0.9992135965632996, 0.9987441019742247, 0.9977346886077137, 0.9961149322754055, 0.9933918636587713, 0.9891194628981901, 0.9794713490927017, 0.9512547242893026, 0.754524754102209], rec: [0.9962215151373356, 0.9958705722708343, 0.9954026484488325, 0.9943966122315288, 0.9927822750456226, 0.9900683168780122, 0.9858102100977961, 0.9761943755556596, 0.9480721538533526, 0.7520003743390576]
ap: [0.9958188872607447, 0.9941521333826585, 0.9933200292738426, 0.9912387701342709, 0.988638859954341, 0.9838675330300525, 0.9781926948496811, 0.9593823920158797, 0.9076075107182076, 0.5888058803440811]
map50: 0.9958188872607447, map50_95: 0.938102469096376
rss: 0.05415270344701572
第51次
train_loss为11.145816459389936
pre: [0.9994301000232613, 0.9992556408467085, 0.9988718306582927, 0.9983368225168644, 0.9975692021400325, 0.9963014654570831, 0.993312398232147, 0.9864735985112817, 0.9628518260060479, 0.6732612235403582], rec: [0.9977822159262442, 0.9976080444021272, 0.9972248670490699, 0.9966907410417779, 0.9959243863356634, 0.9946587399270802, 0.9916746011472097, 0.9848470774018253, 0.9612642530363902, 0.6721511344371938]
ap: [0.999106901489309, 0.9991071346126901, 0.9991074803433665, 0.9986602696223268, 0.9977684655915239, 0.9954900786874465, 0.9914058170534118, 0.9815765184682701, 0.942672340002264, 0.4762294974049105]
map50: 0.999106901489309, map50_95: 0.9381124503275519
rss: 0.05464522301563063
第52次
train_loss为11.13562330837892
pre: [0.9995652225003231, 0.9993184568923984, 0.9989424331088942, 0.9982961422309962, 0.997532343920753, 0.9955934712870589, 0.992091749803175, 0.9831024312287753, 0.9391546515317094, 0.6002749673916875], rec: [0.9958906515249079, 0.995644793069133, 0.9952701516127144, 0.9946262366094948, 0.9938652461511445, 0.9919335011414857, 0.9884446525785869, 0.9794883802610783, 0.9357021600421471, 0.5980682549903413]
ap: [0.9965423772011018, 0.9965417407780148, 0.9956778895056846, 0.9952476720796802, 0.9948173168634693, 0.9903584143092407, 0.9856946563627078, 0.9678968005777996, 0.8935343784485126, 0.387413365101477]
map50: 0.9965423772011018, map50_95: 0.9203724611227688
rss: 0.08999602108595292
第53次
train_loss为11.121746449275546
pre: [0.999444851291016, 0.9992086177978313, 0.9988070208594174, 0.998429047270322, 0.997519548321561, 0.9960430889891568, 0.9927358200845716, 0.9848101863882261, 0.9367248588504878, 0.6879237438283999], rec: [0.9975125551128192, 0.9972767783462617, 0.9968759578431141, 0.9964987150166222, 0.9955909744653761, 0.9941173696743922, 0.9908164949425884, 0.9829061844245868, 0.9349138235918233, 0.6865937330535449]
ap: [0.998165137614679, 0.998165137614679, 0.9977066218537908, 0.9977070408640677, 0.9958588719879083, 0.995401418944779, 0.9889627053085189, 0.9747510851948065, 0.8885203858674133, 0.4985357837729226]
map50: 0.998165137614679, map50_95: 0.9333774189023565
rss: 0.057144819436943155
第54次
train_loss为11.127709196379282
pre: [0.9995792328011407, 0.9993104093129807, 0.9991117136912971, 0.9985623787372309, 0.9978844760279576, 0.9964351667874425, 0.9941443231492088, 0.9890483648519133, 0.973994249514949, 0.8768671544449379], rec: [0.9980394445092776, 0.9977710351266192, 0.9975726455829151, 0.9970241568444392, 0.9963472984012137, 0.99490022172949, 0.9926129069903139, 0.9875247986929631, 0.9724938732640915, 0.8755163963122885]
ap: [0.9995307367433129, 0.9985914877392741, 0.9985914877392744, 0.9981240545760557, 0.9971916444917369, 0.994391580196882, 0.9924920825227368, 0.9836653788027098, 0.9553912215436636, 0.7963480354560404]
map50: 0.9995307367433129, map50_95: 0.9714317709811686
rss: 0.047718400928043664
第55次
train_loss为11.153005556436609
pre: [0.999670607611317, 0.999494147403094, 0.9991529910005293, 0.998553026292571, 0.9978236574319158, 0.996447267807776, 0.9938944767954826, 0.9880007058408329, 0.9678136580201164, 0.7616728427739545], rec: [0.9973943356142678, 0.9972182772098264, 0.9968778976279065, 0.9962792990528058, 0.9955515909811148, 0.9941783354264722, 0.9916313571755537, 0.985751006467212, 0.9656099249991197, 0.7599384969307151]
ap: [0.996428511119226, 0.9959832775991873, 0.9959821829479993, 0.9959823482420966, 0.9950758318450771, 0.9919515320086119, 0.987438545075754, 0.9770424921490813, 0.9397456174896821, 0.5964718641295051]
map50: 0.996428511119226, map50_95: 0.9472102202606221
rss: 0.0359269348773164
第56次
train_loss为11.148437994291656
pre: [0.999659780147585, 0.9994720726428044, 0.9990379990379991, 0.998357559333169, 0.9973251680568753, 0.9954128978519222, 0.9915062354086744, 0.9832119100411784, 0.9586456903530074, 0.7356726381116625], rec: [0.9972263508373612, 0.9970391002609805, 0.9966060833031002, 0.9959272999637202, 0.9948974217936265, 0.9929898065467483, 0.9890926539258253, 0.980818519082004, 0.9563120998981824, 0.7338818214799817]
ap: [0.9946616397259621, 0.9946616397259621, 0.9927304103276554, 0.9917912374049092, 0.9908254679342732, 0.9888962565123975, 0.9826874895607338, 0.9665547761008896, 0.9171744324213219, 0.544886807514336]
map50: 0.9946616397259621, map50_95: 0.9364870157228442
rss: 0.0514814346029552
第57次
train_loss为11.11866508344025
pre: [0.9988728954845375, 0.99791016037758, 0.9966186864536126, 0.9947049569117337, 0.9919341583112218, 0.9877192570502735, 0.9801465235870102, 0.9652358701012046, 0.9242844060394017, 0.641052433841313], rec: [0.992614716897481, 0.9916580135571864, 0.9903746310275228, 0.9884728914608394, 0.9857194525790155, 0.9815309586867497, 0.9740056702173583, 0.9591884355566963, 0.918493542252453, 0.6370360863833113]
ap: [0.99428843407901, 0.9933665449719076, 0.9933367342684158, 0.9895356294561352, 0.9852685590354814, 0.9776710815612519, 0.9646289530300118, 0.9379538363476898, 0.868061406327876, 0.4216132049632524]
map50: 0.99428843407901, map50_95: 0.9125724384041032
rss: 0.09011578357249544
第58次
train_loss为11.126368450686144
pre: [0.9994766833352715, 0.9992324688917316, 0.9988719618560298, 0.9981625770438423, 0.9971392022328178, 0.9952203744621467, 0.9914408652168857, 0.9822188626584487, 0.93910919874404, 0.6200604721479241], rec: [0.9979216014119177, 0.9976777669406902, 0.9973178208164971, 0.9966095397334076, 0.9955877571873113, 0.9936719149133807, 0.9898982861920023, 0.9806906321118387, 0.937648042357531, 0.6190957224467047]
ap: [0.997653683716565, 0.997653683716565, 0.997653683716565, 0.9971850395789613, 0.9948761332366309, 0.992537881258737, 0.9847228363539046, 0.9719942658225514, 0.8921896156076349, 0.4274843193601051]
map50: 0.997653683716565, map50_95: 0.9253951142368221
rss: 0.06313231685225182
第59次
train_loss为11.13489358647952
pre: [0.9995593034612544, 0.999213892660616, 0.998213392410491, 0.9967126420353034, 0.9942471235617809, 0.9900902832368565, 0.9821339241049096, 0.9602896686438457, 0.7302222539841349, 0.17288406107815812], rec: [0.9944660378252832, 0.9941223870692516, 0.9931269848793667, 0.9916338815945395, 0.9891809261980377, 0.9850452670995876, 0.9771294496847893, 0.9553965018723041, 0.7265013983030763, 0.1720031284068825]
ap: [0.9956033219345384, 0.9956033219345384, 0.995116085161961, 0.9936956167602666, 0.9904075704763785, 0.9820374111962332, 0.9668607052761036, 0.9250807775958171, 0.5576032940220567, 0.03160343035313824]
map50: 0.9956033219345384, map50_95: 0.8433611534711032
rss: 0.1268460358937107
第60次
train_loss为11.122956837469319
pre: [0.9995080815179199, 0.9992269852424456, 0.9988287655188569, 0.998289997657531, 0.997282736003748, 0.9958069805575076, 0.9928437573202155, 0.9864019676739283, 0.9658819395643008, 0.8232607167955025], rec: [0.9975918825399794, 0.9973113251659964, 0.9969138688861873, 0.9963761339193865, 0.9953708033292809, 0.9938978771158702, 0.9909403347984663, 0.984510894978023, 0.9640302066772655, 0.8216824090526512]
ap: [0.99618138424821, 0.99618138424821, 0.9952296955664002, 0.9952297098923141, 0.9938045082974457, 0.9923942650640576, 0.987375040425134, 0.9760616224613804, 0.9422462278658225, 0.712821477843499]
map50: 0.99618138424821, map50_95: 0.9587525315912474
rss: 0.036298158136144024
第61次
train_loss为11.145990436470624
pre: [0.9996586267377665, 0.9994820543607491, 0.9989405657378959, 0.9984343915904462, 0.9976103871643653, 0.9956798625089758, 0.9916775552965827, 0.9814245859377759, 0.9414015138138456, 0.6203105319537144], rec: [0.9975098080672822, 0.997333615241854, 0.9967932905772077, 0.996288204477647, 0.9954659712923156, 0.9935395964009679, 0.9895458923579299, 0.9793149622947354, 0.939377921864355, 0.6189771419174478]
ap: [0.9985493230174082, 0.9985493230174082, 0.9985493230174082, 0.9980663954967725, 0.9961657748147076, 0.9932681172593452, 0.9854454534788448, 0.9654712391394301, 0.8898014969258994, 0.39299158075509916]
map50: 0.9985493230174082, map50_95: 0.9216858026922322
rss: 0.06426332965756255
第62次
train_loss为11.14814650381743
pre: [0.9993384446360855, 0.9990312939314109, 0.9983697385674963, 0.9972592706352112, 0.9955226878049357, 0.9918486928374818, 0.9855048494370873, 0.9696393341917802, 0.8918238845113351, 0.5246842845160604], rec: [0.9952820199072876, 0.9949761159611267, 0.9943172459232417, 0.993211285502506, 0.9914817516530579, 0.9878226698355178, 0.981504576793656, 0.9657034614208062, 0.8882038732145798, 0.5225545332611714]
ap: [0.9967532467532465, 0.9967532467532467, 0.9953593041280085, 0.993048328873305, 0.9910691633443566, 0.9861252224251114, 0.9732153157028861, 0.94389792902606, 0.824912797868664, 0.29303555133853243]
map50: 0.9967532467532465, map50_95: 0.8994170106213417
rss: 0.07957612114268163
第63次
train_loss为11.130433586084772
pre: [0.9995069207198958, 0.9989903614740723, 0.9982037826224773, 0.9965484450392702, 0.9935312694443467, 0.9870390589229739, 0.9720705807769521, 0.9332347174773125, 0.7826811772854811, 0.11398349358409937], rec: [0.9949514426953686, 0.9944372377847117, 0.9936542439434842, 0.9920064509343337, 0.9890030267970877, 0.98254040598815, 0.9676401500543421, 0.9289812899531372, 0.7791139314471363, 0.11346398812654115]
ap: [0.9956661649307653, 0.9947015197763294, 0.9937831708031529, 0.9919602882134003, 0.9857011084633783, 0.9717075340605754, 0.94156538180305, 0.8738958291626098, 0.6273350646279903, 0.016059605698289216]
map50: 0.9956661649307653, map50_95: 0.8392375667539541
rss: 0.14110923166457784
第64次
train_loss为11.123232300989933
pre: [0.9994861373881765, 0.9991708126036484, 0.9988321304276738, 0.9981781234671712, 0.997185434330694, 0.9952818069278023, 0.9910074042930885, 0.9807885455352346, 0.9404386518113657, 0.38700861887744376], rec: [0.9975987317573554, 0.9972840024245815, 0.9969459598078986, 0.9962931878584418, 0.995302373292302, 0.9934023406537045, 0.9891360096983262, 0.9789364479880636, 0.9386627500349699, 0.3862778010910617]
ap: [0.9966447292684382, 0.9961662998831767, 0.9961658105500281, 0.9952098608634576, 0.9938247169061636, 0.9924094785197306, 0.9872048683906753, 0.9692132313165942, 0.8958318273092047, 0.16617254991491875]
map50: 0.9966447292684382, map50_95: 0.8988843372922387
rss: 0.06629131347373868
第65次
train_loss为11.142163673818889
pre: [0.9996486049616979, 0.9994377679387167, 0.9990629465645279, 0.9984772881673577, 0.9976807927472064, 0.9962283599222246, 0.9936397498067328, 0.9875723288120505, 0.9660435261320777, 0.7731393632721906], rec: [0.9982805207565709, 0.9980699722777836, 0.9976956638710508, 0.9971108069855307, 0.9963154016212233, 0.9948649565451334, 0.9922798891111345, 0.9862207717771462, 0.9647214326654268, 0.7720812717128118]
ap: [0.9981842941443484, 0.9981842941443484, 0.9981842941443486, 0.9977305352528028, 0.996823725935736, 0.9963694139848572, 0.9913920086677667, 0.9810342945734404, 0.9493526193159025, 0.6271537778908552]
map50: 0.9981842941443484, map50_95: 0.9534409258054406
rss: 0.04308868604379348
第66次
train_loss为11.117605639258791
pre: [0.9997275494853054, 0.9995261730179225, 0.9991826484559163, 0.9985903647283194, 0.9977967045333397, 0.996233075492484, 0.9933190395527073, 0.9868276098982457, 0.9675073147040358, 0.7607529110745211], rec: [0.9969522999503863, 0.9967514825052567, 0.9964089115694474, 0.9958182720249487, 0.9950268150353202, 0.9934675266378434, 0.9905615800789095, 0.9840881706712028, 0.9648215087296524, 0.7586410565360172]
ap: [0.9948899480759293, 0.9944276234436127, 0.994427623443613, 0.9935015462837548, 0.9925788742285702, 0.9888740405357626, 0.9821416502925717, 0.969873139774548, 0.9371385112359102, 0.6028655676345618]
map50: 0.9948899480759293, map50_95: 0.9450718524948835
rss: 0.028693130189077192
第67次
train_loss为11.12773379941452
pre: [0.9995771223173697, 0.9993069504645781, 0.9987900999635856, 0.9979678378029155, 0.9967109513573199, 0.9939035134087465, 0.9885705559666866, 0.9773525507746884, 0.9402920205330608, 0.722686213012886], rec: [0.9940191806744776, 0.9937505110563388, 0.9932365343955518, 0.9924188442533904, 0.9911689464646583, 0.9883771186935648, 0.9830738140572617, 0.9719181842606329, 0.9350637214246499, 0.7186678659455419]
ap: [0.9947826086956522, 0.9939129433419948, 0.9934791472035952, 0.9926117131476944, 0.9899911963334287, 0.9872839169547212, 0.9792056102783306, 0.9620681363860153, 0.896054790917932, 0.5380357541747208]
map50: 0.9947826086956522, map50_95: 0.9327425817434085
rss: 0.17090213699035867
第68次
train_loss为11.17238350483262
pre: [0.9995145286191299, 0.9991119425959694, 0.9984607004996803, 0.997134534776328, 0.9950979231297511, 0.991439126625145, 0.9839320813697398, 0.9664551116584176, 0.8917280413005897, 0.5165652307765174], rec: [0.9966586379522056, 0.9962572022291489, 0.9956078209124398, 0.9942854444129593, 0.9922546519316142, 0.9886063096250118, 0.9811207140833097, 0.9636936809294417, 0.8891801265703221, 0.5150892604137149]
ap: [0.9955414994331772, 0.9955413974635926, 0.9950968629458117, 0.9924632463035061, 0.9883723926920351, 0.9810971868718256, 0.9722265056050157, 0.9438354443714234, 0.8134582875888395, 0.29259677957251745]
map50: 0.9955414994331772, map50_95: 0.8970229602847745
rss: 0.09331459101235591
第69次
train_loss为11.141831215839815
pre: [0.9995428169509407, 0.9993786999589708, 0.9990856339018814, 0.9986987867065237, 0.9977961432506887, 0.996448039388078, 0.9941621241427818, 0.9887110954809214, 0.9699548678272083, 0.7141316452728445], rec: [0.9977999859573572, 0.9976361551243944, 0.9973436000655324, 0.9969574273878344, 0.9960563578065392, 0.9947106045357736, 0.9924286750766494, 0.9869871509818148, 0.9682636272146418, 0.7128864652327568]
ap: [1.0, 0.9995473026521102, 0.9990950144259162, 0.999095014425916, 0.9986478055413397, 0.9972915807744971, 0.994151248724554, 0.9838828713005818, 0.9582032178704836, 0.5308014797190339]
map50: 1.0, map50_95: 0.9460715535434433
rss: 0.033076995612118854
第70次
train_loss为11.1401970356969
pre: [0.9993900032293946, 0.9990670637626036, 0.998445106271006, 0.9974762878706328, 0.9957061011637781, 0.9924408243328908, 0.9864724245577523, 0.9744997428444987, 0.9420503067924935, 0.7720884614924588], rec: [0.9958167971682935, 0.9954950123350853, 0.9948752785822399, 0.9939099240826152, 0.9921460664783629, 0.9888924642759246, 0.9829454038399656, 0.9710155290976915, 0.9386821123386606, 0.7693279464168663]
ap: [0.997585906490017, 0.9975859064900171, 0.997585906490017, 0.9961267966577428, 0.9951585357653215, 0.9903012215871531, 0.9786535704087282, 0.9581943041591888, 0.8975575455796748, 0.6144823036754221]
map50: 0.997585906490017, map50_95: 0.9423231997303283
rss: 0.08086098575629261
第71次
train_loss为11.125741664141458
pre: [0.9995508592771198, 0.9992790109448503, 0.9987589532657258, 0.9979906862397466, 0.9966669030565208, 0.9941729900952652, 0.9892797201144127, 0.9774720468997471, 0.9377467319102664, 0.703720776304281], rec: [0.9970760233918129, 0.99680484814186, 0.996286078098472, 0.9955197132616488, 0.994199207696661, 0.9917114695340502, 0.986830315034899, 0.9750518770043388, 0.9354249198264478, 0.7019784003018299]
ap: [0.9976254079171935, 0.9966762495941056, 0.9966762495941056, 0.9962027479664033, 0.9933587383192615, 0.9900595609141829, 0.9799077886370847, 0.9585331611141178, 0.8859057157773624, 0.5003656474841393]
map50: 0.9976254079171935, map50_95: 0.9295311267317956
rss: 0.06651813170955206
第72次
train_loss为11.13305196211755
pre: [0.9993956701544003, 0.9991231292436398, 0.9985780474221184, 0.9976656278513112, 0.9962199760637983, 0.9930205827635649, 0.9866336457679137, 0.9717505421194204, 0.9068502565439442, 0.25676908675095683], rec: [0.9939191100216838, 0.9936480626001697, 0.9931059677571416, 0.9921985481285943, 0.9907608183275196, 0.9875789572923541, 0.9812270198925238, 0.9664254737437541, 0.9018808334118978, 0.25536202507777883]
ap: [0.9933831136629603, 0.9928763091370942, 0.99186267002844, 0.9893828404848741, 0.987829915601017, 0.983779265265058, 0.9722298736204177, 0.9428812178752787, 0.8214948167191815, 0.06986319325651917]
map50: 0.9933831136629603, map50_95: 0.8745583215650841
rss: 0.10731436681571693
第73次
train_loss为11.132002255464664
pre: [0.9997047290593849, 0.9995984315207634, 0.9993385930930222, 0.9988779704256626, 0.9980630226295649, 0.996657532952237, 0.9941772570510701, 0.9882245948882695, 0.9702603108612463, 0.8182902631454623], rec: [0.9978661699519004, 0.9977600679053098, 0.9975007073469773, 0.9970409318117514, 0.9962274827878902, 0.9948245779496369, 0.9923488635291898, 0.9864071489201169, 0.9684759030463076, 0.816785343770631]
ap: [0.9981008956634939, 0.9971523834898436, 0.997152160023679, 0.9971521478685912, 0.9971518318548797, 0.9934953676332442, 0.9891080781875682, 0.9769115475360367, 0.9448363368847236, 0.6759752615875076]
map50: 0.9981008956634939, map50_95: 0.9567036010729568
rss: 0.044186070438807505
第74次
train_loss为11.122209293465497
pre: [0.9997649989424953, 0.9994947477263648, 0.99925974666886, 0.9987309942894743, 0.9979672408525838, 0.9966747350363077, 0.9940192230865039, 0.988003196014382, 0.9579818109181492, 0.37024416609874744], rec: [0.9985096170772065, 0.998239705209299, 0.9980049992372055, 0.9974769107999953, 0.9967141163906915, 0.9954232335441775, 0.9927710560595214, 0.9867625831739288, 0.9567788952389894, 0.3697792590332461]
ap: [0.9981613343751541, 0.9977017495481388, 0.9972427858919407, 0.9972417378332656, 0.9963393052802113, 0.9949246511008664, 0.991056442673146, 0.9792475855140962, 0.9267605095262585, 0.1452156422825891]
map50: 0.9981613343751541, map50_95: 0.9023891744025667
rss: 0.056536529266803054
第75次
train_loss为11.126758986246957
pre: [0.9993895638903563, 0.9992486940189, 0.9989552151200328, 0.9985091271937547, 0.9977108645888361, 0.9961612960028174, 0.9931208546105535, 0.9849738803780008, 0.9222046134882902, 0.32000939132476375], rec: [0.9969902798922591, 0.9968497482140766, 0.9965569738845298, 0.9961119569036186, 0.9953156107272514, 0.9937697622672444, 0.9907366202131397, 0.982609204824921, 0.9199906312214545, 0.31924112893781476]
ap: [0.9966808914177335, 0.9966808914177335, 0.9966808914177335, 0.9966808914177335, 0.9957779544962534, 0.9919474878083074, 0.9891167253761723, 0.9754647448806263, 0.8696782151165519, 0.12051552335307199]
map50: 0.9966808914177335, map50_95: 0.8929224216701919
rss: 0.0469339729420276
第76次
train_loss为11.159038323776382
pre: [0.9995757368625741, 0.9992693245966554, 0.9987625658491744, 0.9978786843128705, 0.9965705396391407, 0.9936242678514607, 0.9876963690146489, 0.9735424793466347, 0.9240215431393115, 0.49140277892355017], rec: [0.9966979247455875, 0.9963923946508731, 0.9958870948788455, 0.9950057580671696, 0.9937013795858892, 0.990763590213636, 0.9848527579966627, 0.9707396178523584, 0.9213612540835272, 0.4899880138193612]
ap: [0.9963272818856274, 0.9958687125471428, 0.9949527113093422, 0.9940374025352017, 0.9907860075860729, 0.986092049089829, 0.979554971437022, 0.9535219567057532, 0.8640201447850419, 0.26979029560000234]
map50: 0.9963272818856274, map50_95: 0.9024951533481035
rss: 0.10341788512743964
第77次
train_loss为11.124168683380338
pre: [0.9996603738230196, 0.9994378601208601, 0.9990865226963976, 0.9986414952920785, 0.9978217079683328, 0.9961235770834309, 0.9925048016114677, 0.9838501897222092, 0.9534946362486532, 0.5996861385674802], rec: [0.9983625539479994, 0.9981403291266564, 0.9977894478297992, 0.9973449981871133, 0.996526275161113, 0.9948303488929695, 0.9912162715353396, 0.9825728955894221, 0.9522567515409537, 0.598907589562451]
ap: [0.9975915221579961, 0.9975915221579963, 0.9975915221579962, 0.9971103454054112, 0.9947342003791347, 0.9914066076846559, 0.9890564045358824, 0.9753601608978035, 0.9136660942852711, 0.38793553741488307]
map50: 0.9975915221579961, map50_95: 0.924204391707703
rss: 0.058163049034661775
第78次
train_loss为11.139228338542571
pre: [0.9995675903093483, 0.9993922890834083, 0.9989832528895486, 0.9985274697021048, 0.9976626503208013, 0.9963887947456379, 0.9938410835953113, 0.988792408288242, 0.9737632498509939, 0.8437248004487712], rec: [0.9976787318177046, 0.9975037618542151, 0.9970954986060726, 0.9966405767009997, 0.9957773915477843, 0.9945059431464265, 0.991963046343711, 0.9869239113952105, 0.9719231531920354, 0.8421304342754494]
ap: [0.9981119221042976, 0.9981119221042976, 0.9966958847475592, 0.9962251386821115, 0.9957516182620827, 0.9906150636318407, 0.9864748693894883, 0.9782229241305395, 0.9462319967538232, 0.7190801229873026]
map50: 0.9981119221042976, map50_95: 0.9605521462793343
rss: 0.04653477777331063
第79次
train_loss为11.147432035562785
pre: [0.9996938907660973, 0.9995172892849995, 0.999164086322804, 0.9985871881512179, 0.9977630479060952, 0.9962678220328007, 0.9934304249031635, 0.9856246394386428, 0.9442998928617682, 0.6878980891719745], rec: [0.9984830667920979, 0.9983066792097837, 0.9979539040451553, 0.9973777046095955, 0.9965545625587958, 0.9950611476952023, 0.9922271872060207, 0.9844308560677328, 0.9431561618062089, 0.6870649106302916]
ap: [0.9986244841815681, 0.9986244841815681, 0.99816616910104, 0.997250951947687, 0.9967931325432995, 0.9954032247935487, 0.9898541168470736, 0.977937621604939, 0.9081722040332733, 0.5012563733421787]
map50: 0.9986244841815681, map50_95: 0.9362082762576176
rss: 0.04985980990726165
第80次
train_loss为11.11976430794414
pre: [0.9995838386720887, 0.9994054838172695, 0.9992271289624504, 0.9988347482818483, 0.9980975482152624, 0.9968966255261468, 0.9944709995006064, 0.9893343796818149, 0.9725809136524696, 0.8036550854914271], rec: [0.9983967126671576, 0.9982185696301751, 0.9980404265931926, 0.9976485119118311, 0.9969121873589701, 0.9957126909099546, 0.9932899456069927, 0.9881594261418969, 0.9714258568680079, 0.8027006484406546]
ap: [0.9972086844025412, 0.9967445046102337, 0.996743810049474, 0.9967437509436669, 0.9958155365837942, 0.9948892888612034, 0.9920819377594102, 0.9841563862883315, 0.9545927036779157, 0.6637886464704031]
map50: 0.9972086844025412, map50_95: 0.9572765249646974
rss: 0.06342090723205276
第81次
train_loss为11.10641901121284
pre: [0.9995634012224766, 0.9993982016850352, 0.9989380029735917, 0.9982654048568664, 0.9971208080617374, 0.9951266136454818, 0.9915866235574541, 0.9823472494277016, 0.9463927501002998, 0.3990158827555283], rec: [0.996775825753386, 0.996611086923267, 0.9961521716107927, 0.9954814492310227, 0.9943400444794841, 0.9923514114587624, 0.9888212936704988, 0.979607686243131, 0.9437534565736677, 0.39790311003377143]
ap: [0.9995085995085994, 0.9995085995085996, 0.9990169881205798, 0.9985244804211189, 0.9975664804441698, 0.9946432079171416, 0.9897907056659588, 0.9770319796868469, 0.9119569681813084, 0.18212935834631047]
map50: 0.9995085995085994, map50_95: 0.9049677367800634
rss: 0.08939026980934672
第82次
train_loss为11.102939752047273
pre: [0.9993046470789284, 0.9988450070124574, 0.9981850110195759, 0.9973835873139342, 0.9958514537590307, 0.9929875425756344, 0.9873304340652217, 0.9750026517696142, 0.9303704227510047, 0.6145505545144905], rec: [0.9972947541754881, 0.9968360385791578, 0.996177370030581, 0.9953775582215949, 0.9938485062338274, 0.9909903552105387, 0.9853446247941661, 0.9730416372618208, 0.9284991766643143, 0.6133145142319454]
ap: [0.9990884229717413, 0.9986326068454138, 0.998632631601393, 0.9958993175176786, 0.9931675169561133, 0.989525102245415, 0.981622196466571, 0.96418012123141, 0.877741286223421, 0.41035821432918845]
map50: 0.9990884229717413, map50_95: 0.9208847416388345
rss: 0.06542899263450565
第83次
train_loss为11.112944771858116
pre: [0.9993912147607006, 0.9990516999157066, 0.9985014517186476, 0.9975999812681465, 0.9959258218600731, 0.9930223845649527, 0.9866184321438606, 0.9717149011894727, 0.9249906340732416, 0.69709422122319], rec: [0.9950111898545319, 0.994673162998881, 0.9941253263707572, 0.9932278067885117, 0.9915609847071988, 0.9886702722864603, 0.9822943864229765, 0.9674561730697501, 0.920936684073107, 0.6940390712420739]
ap: [0.9943541659537951, 0.9934137981268191, 0.992944060119124, 0.9915375135831054, 0.9905946580823345, 0.98635460368342, 0.9746381307267995, 0.9519289913142832, 0.8650320353604918, 0.49765440090016855]
map50: 0.9943541659537951, map50_95: 0.9238452357850342
rss: 0.08202938257655308
第84次
train_loss为11.143423140551638
pre: [0.9996725567470852, 0.9995322239244074, 0.9990995310544842, 0.998666838184561, 0.9976845084258166, 0.9961759305820304, 0.993416051736034, 0.9864578826115938, 0.965419653611816, 0.782332097624867], rec: [0.9970141942406606, 0.9968742345956916, 0.9964426923570371, 0.9960111501183825, 0.9950314326035993, 0.9935268664201822, 0.9907743267357911, 0.9838346610060765, 0.962852377564469, 0.7802516940948693]
ap: [0.9974823766364552, 0.9974823766364552, 0.9974823766364552, 0.9974823766364552, 0.9950769945080988, 0.9906156315368148, 0.9848334815497215, 0.9728815479407258, 0.9331375362336183, 0.6218543383091096]
map50: 0.9974823766364552, map50_95: 0.9488329036623909
rss: 0.05007134711807364
第85次
train_loss为11.136608756848217
pre: [0.9993469768526616, 0.999172059938196, 0.9988688706197889, 0.99832079762113, 0.9972479738790742, 0.9953005655646902, 0.9911142207451461, 0.9809457174508776, 0.9381377179173226, 0.5791965483062212], rec: [0.9980202401332262, 0.9978455554390991, 0.9975427686359455, 0.9969954232610139, 0.995924023803701, 0.9939792008757526, 0.9897984138629773, 0.9796434103110552, 0.9368922428350162, 0.5784276048399306]
ap: [0.9968682157876663, 0.9964221954016295, 0.9959753381512586, 0.995972807187097, 0.9946135066956828, 0.9910227066815448, 0.983242658864288, 0.9664971771328881, 0.8915999013294058, 0.3489558489581719]
map50: 0.9968682157876663, map50_95: 0.9161170356189633
rss: 0.07151700352596126
第86次
train_loss为11.145613865965958
pre: [0.9991952948416033, 0.998544430375253, 0.9975148811284806, 0.995514952131877, 0.9925564772848301, 0.9869117072766648, 0.9769475639918109, 0.9461202560855828, 0.8547270511106114, 0.42802030697135013], rec: [0.9898013012132935, 0.9891565558876971, 0.9881366860090265, 0.986155559463103, 0.9832248988922103, 0.9776331985229471, 0.9677627337201805, 0.9372252505714788, 0.8466912842154621, 0.4239962487544693]
ap: [0.9904984495347605, 0.9895900534028987, 0.9877791178738399, 0.985500887963218, 0.9809418557656379, 0.9671422680203863, 0.9502518957357667, 0.8950699318975475, 0.7440601757276004, 0.2038676450170025]
map50: 0.9904984495347605, map50_95: 0.8694702280938659
rss: 0.18525682129118487
第87次
train_loss为11.130760126885345
pre: [0.9997641453807873, 0.9996226326092597, 0.9993396070662044, 0.9989032760206609, 0.9981367485082195, 0.9969338899502347, 0.9945045873723437, 0.9894337130592703, 0.9715795183848676, 0.734958371659709], rec: [0.9985277316467027, 0.9983863938847861, 0.9981037183609531, 0.9976679269283771, 0.9969023473846625, 0.9957009764083719, 0.993274678162138, 0.9882100750267953, 0.9703779607316585, 0.7340494446603771]
ap: [0.9990554800427235, 0.9990554800427236, 0.9981112229152542, 0.9971688754806128, 0.9966979676857022, 0.9943417303298021, 0.9919906706071955, 0.9824659550388533, 0.9446998359512524, 0.5671185445702689]
map50: 0.9990554800427235, map50_95: 0.9470705762664389
rss: 0.05135600758666291
第88次
train_loss为11.123782086963564
pre: [0.9996010700708687, 0.9994133383395128, 0.9991669404421082, 0.9988032102126062, 0.9982400150185385, 0.9971722907964519, 0.9948843103205519, 0.9887360961186464, 0.9495588304313136, 0.6157483456141174], rec: [0.9974243098321118, 0.9972369869108109, 0.9969911255766034, 0.9966281874165828, 0.9960662186526799, 0.9950008195377807, 0.9927178214344252, 0.986582995761819, 0.9474910436228253, 0.6144074741845599]
ap: [0.9977234674803035, 0.9977234674803035, 0.9977239034090893, 0.9972682600446894, 0.9963625266314582, 0.9940504598489746, 0.989807699825528, 0.9796057811157847, 0.9122549879951423, 0.39307357510561425]
map50: 0.9977234674803035, map50_95: 0.9255594128936888
rss: 0.07400454228507293
第89次
train_loss为11.108623812577918
pre: [0.9996221067548418, 0.9993741143127066, 0.9990670760510156, 0.998488427019367, 0.9973547472838923, 0.9951346244685876, 0.9900212564950401, 0.9738308927727917, 0.8091875295229097, 0.21042749173358527], rec: [0.9951329618395993, 0.9948860830923326, 0.9945804236909548, 0.9940043732806658, 0.9928757847217324, 0.9906656321271543, 0.9855752274811314, 0.9694575721238626, 0.8055535962004186, 0.2094824951212057]
ap: [0.9954282989274585, 0.9954282989274584, 0.9954282989274584, 0.9954303814050036, 0.9926577814045867, 0.9880162036224983, 0.9799289431205317, 0.953258378300001, 0.6689427417460737, 0.0484574977342525]
map50: 0.9954282989274585, map50_95: 0.8612976824115324
rss: 0.10949464878743898
第90次
train_loss为11.138307671900675
pre: [0.9996951433998547, 0.9994840888305232, 0.9991909574842295, 0.9987453978378632, 0.9980184320990549, 0.9966700279061042, 0.9944305044204207, 0.9881457683558849, 0.967192739722815, 0.6019510822409305], rec: [0.9982788296041308, 0.998068074045453, 0.9977753579917337, 0.9973304295900804, 0.9966044937768567, 0.9952579999297482, 0.9930216492793331, 0.9867458170875923, 0.9658224735677403, 0.6010982706335546]
ap: [0.9995475113122169, 0.9990949869565053, 0.9986428595994459, 0.9981905409234494, 0.9972639053246188, 0.9954349551612948, 0.9921827737810867, 0.9808370012872697, 0.9464081927997962, 0.3747098222768078]
map50: 0.9995475113122169, map50_95: 0.9282312549422491
rss: 0.0476721419377343
第91次
train_loss为11.100997349336103
pre: [0.9994224354365328, 0.9990923985431228, 0.9985973432030081, 0.9975600843951484, 0.9955091408432443, 0.9921262626857931, 0.9853251452751682, 0.9696248187743844, 0.8966041561074506, 0.2636287556430415], rec: [0.9974003364270506, 0.9970709672865864, 0.9965769135758902, 0.9955417534201456, 0.9934949594758326, 0.9901189257860747, 0.9833315688557951, 0.9676630083165708, 0.894790085988872, 0.263095364129348]
ap: [0.9976602714085167, 0.9976602714085167, 0.9971925508395495, 0.9971925141715599, 0.9944305828458869, 0.9879858231063939, 0.9761483220946567, 0.9497506616688911, 0.8380390175774667, 0.07558903889808213]
map50: 0.9976602714085167, map50_95: 0.881164905401952
rss: 0.07559549121130009
第92次
train_loss为11.130601745845645
pre: [0.999593675265272, 0.9993498804244352, 0.9990596484710581, 0.9984211381736283, 0.997434349532146, 0.9960528454340709, 0.9932898372379205, 0.9861733497411131, 0.9586593605609603, 0.7248833267547424], rec: [0.9984345648090169, 0.9981910526681973, 0.9979011572624598, 0.997263387369837, 0.9962777429903291, 0.9948978408590181, 0.992138036596396, 0.9850298012477098, 0.9575477167837844, 0.7240427653702544]
ap: [0.9995157384987894, 0.9995157384987894, 0.9985458862519231, 0.9971298390489662, 0.996631929246666, 0.9947841000394863, 0.9896353798947748, 0.9767884299136105, 0.931919999215306, 0.5530308252133899]
map50: 0.9995157384987894, map50_95: 0.9437497865821701
rss: 0.049888054807806836
第93次
train_loss为11.11453699894415
pre: [0.9997407005798878, 0.9995167601716091, 0.9991278110414408, 0.9986092122012163, 0.9978666729527133, 0.9965230305030409, 0.9935175144971948, 0.9862217717222196, 0.9558955259063694, 0.588503606619207], rec: [0.9976594017948507, 0.9974359275943591, 0.9970477881935051, 0.9965302689923666, 0.9957892755907364, 0.9944484303877865, 0.9914491713811882, 0.984168617165171, 0.9539055056985921, 0.5872784370920126]
ap: [0.9966035904900533, 0.9966035904900534, 0.9961188673638545, 0.9956347071995488, 0.9951509742222985, 0.9922812076824535, 0.9869141953784913, 0.9732936574035773, 0.920666984984605, 0.3647658828264778]
map50: 0.9966035904900533, map50_95: 0.9218033658041414
rss: 0.057416377725647894
第94次
train_loss为11.116173646133987
pre: [0.9994874781595806, 0.9993011065812464, 0.9990914385556202, 0.9985439720442633, 0.9976587070471753, 0.9961793826441467, 0.9935468841001748, 0.9873849737914968, 0.9680256260920209, 0.7787070471753058], rec: [0.9977789922904288, 0.9975929392885798, 0.9973836296614998, 0.9968370989685686, 0.9959533472097863, 0.9944765515076107, 0.991848552856495, 0.9856971754828657, 0.966370919915811, 0.7773759549751735]
ap: [0.9995150340617944, 0.9995150340617944, 0.9995150340617945, 0.999027479635351, 0.9985439913427712, 0.9962231392066, 0.9917669580366233, 0.9811854138114064, 0.949730050184443, 0.6217166465882775]
map50: 0.9995150340617944, map50_95: 0.9536738780990855
rss: 0.04587196387929816
第95次
train_loss为11.122557698283995
pre: [0.9996571698782362, 0.9994089135831659, 0.9991724790164322, 0.9987468967963116, 0.9981203451944675, 0.9970327461874926, 0.9943965007684124, 0.9890176143752216, 0.9592386806951176, 0.7672892776923986], rec: [0.9981585750203619, 0.9979106908884876, 0.9976746107628929, 0.9972496665368226, 0.9966240542039968, 0.9955380856262616, 0.9929057922258815, 0.9875349693686037, 0.9578006775499605, 0.7661390275859626]
ap: [0.9981242567300657, 0.9981242567300653, 0.9981242623601866, 0.997656108522653, 0.9957826505016285, 0.9934469827676097, 0.9883248292041661, 0.9808779425852664, 0.9275656130633068, 0.5917633580491276]
map50: 0.9981242567300657, map50_95: 0.9469790260514076
rss: 0.031866968538422295
第96次
train_loss为11.13393067298754
pre: [0.9996481640024864, 0.9994605181371456, 0.9991321378727995, 0.9987568461421182, 0.9980531741470909, 0.9966575580236199, 0.9933854832467426, 0.9856568191680252, 0.9503207571510667, 0.5748061970047029], rec: [0.9978109196478742, 0.9976236186551789, 0.9972958419179622, 0.9969212399325716, 0.9962188612099644, 0.9948258100767934, 0.9915597490166698, 0.9838452893800337, 0.9485741711931073, 0.5737497658737591]
ap: [0.9980824544582934, 0.9980824544582934, 0.9976029238763742, 0.9976028288999688, 0.997140580925126, 0.9957199249760589, 0.9942510474201093, 0.9794326711593072, 0.9114634634372024, 0.3435304998645943]
map50: 0.9980824544582934, map50_95: 0.9212908849475328
rss: 0.07035568847471671
第97次
train_loss为11.113882251436165
pre: [0.9996700214486058, 0.9994932472246447, 0.9991986235180428, 0.998774365380536, 0.9981261932260117, 0.9965941499516817, 0.99419002050581, 0.9891107078039928, 0.970349070167582, 0.8323826808400311], rec: [0.9977885995247842, 0.9976121579975062, 0.9973180887853765, 0.9968946291199097, 0.9962476768532241, 0.9947185169501493, 0.9923189121791705, 0.9872491589620533, 0.9685228315336297, 0.8308161008775026]
ap: [0.9966248794599807, 0.9966248794599807, 0.9961439129505797, 0.9961440318343738, 0.9956633618529374, 0.9942255006899483, 0.9899177638468845, 0.9813345225595959, 0.9464632541433211, 0.7166978098967823]
map50: 0.9966248794599807, map50_95: 0.9609839916694384
rss: 0.03758391405212191
第98次
train_loss为11.127267946947008
pre: [0.9990549900116033, 0.9984808067275142, 0.9976314939531323, 0.9958252090386018, 0.9924279579410744, 0.9840664138665263, 0.9648791224565475, 0.9103197483163271, 0.6206801679486106, 0.06833977295835975], rec: [0.9825415872567704, 0.9819768946613021, 0.9811416201971719, 0.979365191407261, 0.9760240935507399, 0.9678007576292322, 0.9489306133973319, 0.8952730523987671, 0.6104209312722053, 0.06721018328980495]
ap: [0.984506418769367, 0.9836308620744516, 0.9818732906045117, 0.9801214425943255, 0.9746816544093734, 0.9640201089546809, 0.929872639430808, 0.8335483507084123, 0.3896246794549112, 0.0052530607057997974]
map50: 0.984506418769367, map50_95: 0.8027132507706641
rss: 1.447781170506126
第99次
train_loss为11.112523978021427
pre: [0.9996330144900085, 0.9993015437067904, 0.9988635287432522, 0.9983308078416516, 0.9973245572497396, 0.9957500710294536, 0.9917132304195473, 0.9820295482526754, 0.9449403352590208, 0.3247348233734255], rec: [0.9984038024971623, 0.9980727393113886, 0.997635262958759, 0.9971031971244798, 0.9960981838819524, 0.9945256337495271, 0.9904937570942112, 0.9808219825955353, 0.9437783768444948, 0.3243355088914113]
ap: [0.9976087996174079, 0.9976087996174079, 0.997608799617408, 0.9976087996174077, 0.9943719694358226, 0.9913803479033924, 0.9827950388781503, 0.964449237955423, 0.8925471640685269, 0.11042309726102405]
map50: 0.9976087996174079, map50_95: 0.8926402053971971
rss: 0.0763628331829338
第100次
train_loss为11.127168032463285
pre: [0.999377547065663, 0.999142659165913, 0.9985436950215509, 0.9975336770526266, 0.9960303944942276, 0.993293950462142, 0.9883260713824328, 0.9750549050465666, 0.9237788765311755, 0.31465583050489154], rec: [0.9957522496694244, 0.9955182138385387, 0.9949214224697801, 0.9939150683969715, 0.992417239079303, 0.9896907216494846, 0.9847408638262518, 0.9715178393812093, 0.920427817498859, 0.31351439905449524]
ap: [0.9954220626546012, 0.9954220626546011, 0.994040212563262, 0.9935740911754478, 0.9903551038853383, 0.9845603612003087, 0.9735500911271812, 0.9513720167452188, 0.8582969230153678, 0.10569545663928401]
map50: 0.9954220626546012, map50_95: 0.884228838166061
rss: 0.09524086001017198
最好的测试结果
best_pre: [0.9995792328011407, 0.9993104093129807, 0.9991117136912971, 0.9985623787372309, 0.9978844760279576, 0.9964351667874425, 0.9941443231492088, 0.9890483648519133, 0.973994249514949, 0.8768671544449379], best_rec50: [0.9980394445092776, 0.9977710351266192, 0.9975726455829151, 0.9970241568444392, 0.9963472984012137, 0.99490022172949, 0.9926129069903139, 0.9875247986929631, 0.9724938732640915, 0.8755163963122885]
best_ap: [0.9995307367433129, 0.9985914877392741, 0.9985914877392744, 0.9981240545760557, 0.9971916444917369, 0.994391580196882, 0.9924920825227368, 0.9836653788027098, 0.9553912215436636, 0.7963480354560404]
best_map50: 0.9995307367433129, best_map50_95: 0.9714317709811686
best_rss: 0.047718400928043664
验证结果为
pre: [0.999489748585212, 0.9992114296316913, 0.9988403376936636, 0.9983532795250023, 0.9976342888950738, 0.9959643751739493, 0.9933203451155024, 0.9875452268299472, 0.9719825586789127, 0.8713702569811671], rec: [0.9979852249832102, 0.9977073249808944, 0.9973367916444733, 0.9968504666404205, 0.9961325583011047, 0.9944651582872096, 0.9918251082652092, 0.9860586832171557, 0.9705194414209953, 0.8700585905838216]
ap: [0.9968148274214895, 0.9968148274214895, 0.9968137057029834, 0.9968148359810185, 0.9958621248744265, 0.9926492899545963, 0.9879025628933279, 0.9790390191235384, 0.954368838312368, 0.7760525253116972]
map50: 0.9968148274214895, map50_95: 0.9673132556996935
rss: 0.04520324542772465
