第1次
train_loss为12.168380823798897
pre: [0.9964931374327347, 0.9945099461877985, 0.9914746961726828, 0.9851018804038938, 0.9739645685954411, 0.9531773384122377, 0.9092810931737106, 0.8047040328919524, 0.5540480077392829, 0.13934337021585344], rec: [0.9704524577808136, 0.9685210919283039, 0.9655651600442801, 0.9593588807499352, 0.9485126127611466, 0.9282686011729514, 0.8855194667545988, 0.7836752478978731, 0.5395694467343429, 0.13570200438090302]
ap: [0.9719393719689047, 0.9685515459310372, 0.9640038389800116, 0.9555846131816141, 0.9362685200740138, 0.9033684419746466, 0.8292083410833779, 0.6445288526892861, 0.3140596349455545, 0.021773263397801848]
map50: 0.9719393719689047, map50_95: 0.7509286424226248
rss: 0.1656818335074423
第2次
train_loss为11.648965075593523
pre: [0.9389769553517912, 0.910397510616862, 0.8744978511216253, 0.8236771963832528, 0.751303992960351, 0.6565110377105837, 0.5432007447744635, 0.39768915868542204, 0.21681353857141036, 0.037570300842972464], rec: [0.8617912823634065, 0.835561121775364, 0.8026124818577649, 0.7559693805889789, 0.6895453907018119, 0.6025445947844, 0.4985486211901306, 0.364998361346505, 0.19899105763378436, 0.034481951402219206]
ap: [0.8227120994689501, 0.7742939464297147, 0.716177125966706, 0.6355564234820934, 0.5332101611441804, 0.40789798427583546, 0.27894607746101574, 0.15030877904085743, 0.04375826913137718, 0.001513348604574862]
map50: 0.8227120994689501, map50_95: 0.4364374215005305
rss: 1.326121410447651
第3次
train_loss为11.554274040063122
pre: [0.9973570880773995, 0.9955872809863725, 0.9911037696891039, 0.9767565335378444, 0.9257270957465636, 0.7939708571765678, 0.5588932806324111, 0.2527992448823078, 0.04227479204766681, 0.002359742788036104], rec: [0.9877655472200799, 0.9860127602888593, 0.981572366729767, 0.9673631073406717, 0.9168244174904765, 0.7863352730842039, 0.5535184276332702, 0.2503680852555563, 0.04186823716375704, 0.0023370492416275213]
ap: [0.9875475046641861, 0.984775031396183, 0.9769059547999199, 0.9492892720522867, 0.866125219502761, 0.6572190004264772, 0.3364088169951301, 0.07377309231336897, 0.0025746505694988157, 1.2975362745924495e-05]
map50: 0.9875475046641861, map50_95: 0.5834631518082558
rss: 0.29655421296599777
第4次
train_loss为11.467707673571319
pre: [0.998247656681838, 0.9972950405155888, 0.9958837573063308, 0.993214079902151, 0.988639170165473, 0.9801126674428724, 0.9620129602841384, 0.9155582213127286, 0.7236707476272801, 0.1694598313516565], rec: [0.9888394417390899, 0.9878958037232927, 0.9864978214776672, 0.9838533050630257, 0.9793215126167898, 0.9708753698828025, 0.9529462475826557, 0.9069293319974836, 0.7168503460006058, 0.16786271814347958]
ap: [0.9914806705495876, 0.9900910621285854, 0.9891757851501883, 0.9855489749986264, 0.9801611885096708, 0.967036270461419, 0.9428961347211134, 0.8616902744122552, 0.5560067112235244, 0.03213770069331219]
map50: 0.9914806705495876, map50_95: 0.8296224772848284
rss: 0.13331281241235346
第5次
train_loss为11.452939426076066
pre: [0.9975095785440613, 0.9958333333333333, 0.9927083333333333, 0.987919061302682, 0.9800646551724138, 0.9664870689655173, 0.9373204022988506, 0.8349018199233716, 0.47877155172413793, 0.12316810344827586], rec: [0.9895241941230967, 0.9878613677934295, 0.9847613844216928, 0.9800104520512151, 0.9722189229636317, 0.9587500296933273, 0.9298168515571181, 0.8282181628144524, 0.4749388317457301, 0.12218210323776041]
ap: [0.9891095285781909, 0.9863423608165457, 0.9841869164775972, 0.9763457181528568, 0.9665172644026382, 0.9388046677471762, 0.8808637676360521, 0.7110411304199948, 0.22826625521872698, 0.015652386410674866]
map50: 0.9891095285781909, map50_95: 0.7677129995860453
rss: 0.15431724733364865
第6次
train_loss为11.406582019885992
pre: [0.9988505747126437, 0.9980329422917408, 0.9967294703163881, 0.9944780187225974, 0.9906979499940751, 0.9823675790970494, 0.9655883398506933, 0.9279061500177747, 0.7993719635027847, 0.3647825571750207], rec: [0.9932481794829496, 0.9924351330332524, 0.9911389720264888, 0.9889001484693517, 0.9851412815497372, 0.9768576343883298, 0.9601725072467183, 0.9227016708693705, 0.7948884123205995, 0.36273654938373434]
ap: [0.9925229755525322, 0.9910457598377417, 0.9895018656927029, 0.9852685227549971, 0.9788495761535406, 0.9657858903548695, 0.9355473308886028, 0.8715365451094841, 0.6550228077923226, 0.14115806696035957]
map50: 0.9925229755525322, map50_95: 0.8506239341097153
rss: 0.1091627885871414
第7次
train_loss为11.424401638771842
pre: [0.9585218143616364, 0.9385366456556667, 0.914225682857496, 0.8823013224570511, 0.8402298850574713, 0.7869361018415524, 0.7128908663947596, 0.6047336546780373, 0.3960079100234829, 0.05665554319614386], rec: [0.9097883722021491, 0.8908192951996622, 0.867744357374126, 0.8374431045000235, 0.7975106752381399, 0.7469264698981747, 0.6766458636384965, 0.5739876120313453, 0.3758739618037633, 0.0537750457510206]
ap: [0.8854851260198431, 0.8497098592791466, 0.8071659876821878, 0.760312485144343, 0.6966441303971852, 0.6068894857807713, 0.49954055810014947, 0.3601159011561801, 0.1529900153720929, 0.004219090187406703]
map50: 0.8854851260198431, map50_95: 0.5623072639119306
rss: 0.8822092412808641
第8次
train_loss为11.394580374671252
pre: [0.9983634940587719, 0.9975452410881579, 0.9962644973080663, 0.9944856865023836, 0.9910466522780637, 0.9843583236486967, 0.9712544173801675, 0.9413229608898798, 0.8245499608661623, 0.29294642221853284], rec: [0.9945657310273132, 0.99375059068141, 0.9924747188356488, 0.9907026746054248, 0.9872767224269918, 0.9806138361213496, 0.9675597769586995, 0.9377421793781306, 0.8214133824780266, 0.29183205746148755]
ap: [0.995797318047344, 0.9939176332678414, 0.9929663907952121, 0.9887998407403754, 0.9818323320811615, 0.969645942195243, 0.9421102763100332, 0.8915502042158265, 0.6888724374122093, 0.09231637232380682]
map50: 0.995797318047344, map50_95: 0.8537808747389054
rss: 0.07405211119228741
第9次
train_loss为11.371154388157784
pre: [0.9986915276414786, 0.9980256086733025, 0.9972779101827188, 0.9960278517687743, 0.9935861488854619, 0.9881653348287304, 0.9717860647693818, 0.8749123790831347, 0.4187462030936025, 0.02307350810785551], rec: [0.9960035886143055, 0.9953394619408811, 0.9945937758514221, 0.9933470819206077, 0.990911950784718, 0.9855057266361401, 0.9691705407389283, 0.872557586773393, 0.4176191641324991, 0.023011406666899693]
ap: [0.9953264688399747, 0.9948681415408664, 0.9939865176840293, 0.9925467851165746, 0.9888561518442593, 0.9811936262147604, 0.9511253628287123, 0.783093891371803, 0.1874357995244228, 0.0006774824775002762]
map50: 0.9953264688399747, map50_95: 0.7869110227442903
rss: 0.12225905316062396
第10次
train_loss为11.319869727672007
pre: [0.9988991556289452, 0.9984190001054, 0.9977046223752474, 0.9964515335698978, 0.9947065781306725, 0.99114640059024, 0.9843656677089555, 0.9633090913349495, 0.7680263265760227, 0.24195153942545292], rec: [0.9958901070673812, 0.9954113979473888, 0.9946991721834973, 0.9934498581386388, 0.9917101591415928, 0.9881607061543312, 0.981400399313461, 0.9604072530269595, 0.7657127511763401, 0.2412226931474541]
ap: [0.997464825634525, 0.9974644878794308, 0.9964513009427315, 0.9959701059671435, 0.9910433379039945, 0.9846321704471312, 0.9727799387321212, 0.9377114615881752, 0.6071395102268228, 0.059820447209471786]
map50: 0.997464825634525, map50_95: 0.8540477586531547
rss: 0.11741797512236264
第11次
train_loss为11.354511999695648
pre: [0.9989672331236503, 0.9985447375833255, 0.9980048821706882, 0.9968430194347948, 0.9949769974650268, 0.9917143930147404, 0.9849309923950803, 0.965108909961506, 0.8147826495164773, 0.15921040277908177], rec: [0.9928730564206646, 0.9924531383046973, 0.9919165762676279, 0.9907618014487175, 0.9889071631031949, 0.9856644620965579, 0.9789224434568592, 0.9592212851827226, 0.8098120866431046, 0.15823914336704342]
ap: [0.9958845664204791, 0.9949696604609788, 0.9940312041709922, 0.9927044711487476, 0.9911751290256152, 0.9854792470424508, 0.9733530967064152, 0.9422651558139022, 0.7024573262056926, 0.030533949490777968]
map50: 0.9958845664204791, map50_95: 0.860285380648605
rss: 0.06541992616404213
第12次
train_loss为11.345299965524577
pre: [0.9991217695757562, 0.9985479923652502, 0.9974238574222181, 0.995878171875549, 0.9920959261818054, 0.9829272005526997, 0.948500567922341, 0.7887914378388505, 0.4570896614714458, 0.13943957189194253], rec: [0.9950436739787053, 0.9944722387433089, 0.9933526921596754, 0.9918133156071791, 0.9880465078309951, 0.9789152060082333, 0.9446290918844534, 0.7855718434034216, 0.4552239676264446, 0.13887042414488798]
ap: [0.9952840616705302, 0.9948133095382659, 0.9948145421470059, 0.9948148328542715, 0.9888490145989558, 0.9723156560744437, 0.9089972355447219, 0.6399293905304777, 0.22590766064197576, 0.02201810044783678]
map50: 0.9952840616705302, map50_95: 0.7737743804048485
rss: 0.10442034265013905
第13次
train_loss为11.3636424766838
pre: [0.9990730963275842, 0.9986155109703156, 0.9979115334975948, 0.996726504751848, 0.9946967030388361, 0.9906957644022057, 0.982517892760765, 0.9625835973248856, 0.9036372169423912, 0.566173882435762], rec: [0.9940230904824721, 0.9935678180778166, 0.9928673989937312, 0.9916883602021876, 0.9896688185097416, 0.9856881033818569, 0.9775515683550657, 0.95771803462405, 0.8990696099833067, 0.5633120483756114]
ap: [0.9946431359777257, 0.9946425629899251, 0.9941563511713305, 0.9922190754935042, 0.9889103449711164, 0.9832858677095242, 0.9725283926194852, 0.941809180017215, 0.8404682946916496, 0.34717200640940704]
map50: 0.9946431359777257, map50_95: 0.9049835212050883
rss: 0.05279702337863605
第14次
train_loss为11.324643758143116
pre: [0.9988584610628203, 0.9981093261352961, 0.9964564728825047, 0.9937334268761073, 0.9888581043319025, 0.9736494762001022, 0.883408445009929, 0.5667146271567357, 0.21559627572921744, 0.03189174405745746], rec: [0.9911037696891039, 0.9903604507108725, 0.9887204294731874, 0.9860185239808861, 0.9811810512654121, 0.9660904961359212, 0.8765500560438912, 0.5623149076750634, 0.213922482449413, 0.031644150787564156]
ap: [0.9878600928386196, 0.9865026884280547, 0.9842457658169996, 0.978925178585246, 0.9729526899960236, 0.9483771095788214, 0.7870741551351149, 0.3290069056968711, 0.05316594089685169, 0.001382936117274561]
map50: 0.9878600928386196, map50_95: 0.7029493463089878
rss: 0.15146810412648423
第15次
train_loss为11.316265110482831
pre: [0.9991994537449083, 0.9987520896611806, 0.9980104071013162, 0.9965741329377693, 0.9945021308657672, 0.9906877634150362, 0.9820701184337548, 0.9576063666972758, 0.8302135574862848, 0.21409903228085048], rec: [0.9958931756312775, 0.9954472918426734, 0.9947080634563034, 0.9932765418192059, 0.991211395850934, 0.9874096498638881, 0.9788205200413029, 0.9544377170750024, 0.8274664413780156, 0.21339059419881723]
ap: [0.9971331316274641, 0.9961773309887288, 0.9957053219164654, 0.9939288533095157, 0.990294731596655, 0.9821227895309133, 0.9669776393347986, 0.9319506511048049, 0.7216732178075369, 0.05674909797848328]
map50: 0.9971331316274641, map50_95: 0.8632712765195366
rss: 0.08828499112702974
第16次
train_loss为11.302143970348121
pre: [0.9991084730254437, 0.9987213626285969, 0.9980527173976796, 0.9970321536241744, 0.9954367895644421, 0.9925627881333068, 0.9868499771252948, 0.9733128438537426, 0.9060142878928291, 0.44975189742747546], rec: [0.9965833167569591, 0.9961971847466154, 0.9955302294560219, 0.9945122450651159, 0.9929209131436996, 0.9900541754911483, 0.9843558030960766, 0.9708528837040591, 0.9037244187543148, 0.44861519019926754]
ap: [0.9980939409451807, 0.9980945008389609, 0.9976274606441627, 0.9966829314689047, 0.9947887915440592, 0.9910802243914335, 0.9809805285779436, 0.9562790628326978, 0.860759758372762, 0.22010688144572832]
map50: 0.9980939409451807, map50_95: 0.8994494081061835
rss: 0.05139448595312284
第17次
train_loss为11.316707806491108
pre: [0.9991173251421106, 0.9985053372406407, 0.9979168873353811, 0.9966340665419153, 0.9941978839341407, 0.9892431357318552, 0.9711777236403865, 0.9075427508856171, 0.7505325471642599, 0.3454671703797856], rec: [0.9943660322108345, 0.9937569546120059, 0.9931713030746706, 0.9918945827232797, 0.9894699853587116, 0.9845387994143484, 0.9665592972181551, 0.9032269399707175, 0.7469633967789165, 0.3438243045387994]
ap: [0.9965397923875432, 0.9956736458841682, 0.9952415710708903, 0.9934747036531023, 0.9899014236814255, 0.9805856040713887, 0.9542401240381667, 0.8419699067381143, 0.5863578294187805, 0.13090723896338252]
map50: 0.9965397923875432, map50_95: 0.8464891839906962
rss: 0.09831241391044472
第18次
train_loss为11.332680354648868
pre: [0.9992882477846712, 0.9988493339185518, 0.9983155197570552, 0.9972241663602178, 0.9957057616341831, 0.9931315911220774, 0.9873901232517586, 0.9705927709699996, 0.8851469175197808, 0.3438356326884067], rec: [0.9970882405160679, 0.9966502929514115, 0.9961176540214239, 0.995028703320116, 0.993513641474818, 0.9909451381902112, 0.9852163105876783, 0.9684559389240693, 0.8831982008640588, 0.34307865301532814]
ap: [0.9953111560245995, 0.995309723985416, 0.9943737665094309, 0.9925227668820524, 0.9915734270303669, 0.9878449698671521, 0.978099517041949, 0.9500252160989855, 0.8030496423508153, 0.12389829914521272]
map50: 0.9953111560245995, map50_95: 0.881200848493598
rss: 0.10791026999570542
第19次
train_loss为11.308616924267287
pre: [0.9991374726767885, 0.9986766704082235, 0.9982158681396586, 0.9970934010752053, 0.9951674839014593, 0.9911974951261299, 0.9771016718851538, 0.9239558102439889, 0.7612335322266202, 0.411366455957937], rec: [0.9965000765976503, 0.9960404906963316, 0.9955809047950129, 0.9944614006764162, 0.9925405672939818, 0.9885810579903134, 0.9745224431115144, 0.9215168691594292, 0.759224124724543, 0.41028058308488197]
ap: [0.9967269576335429, 0.9957925871204516, 0.9953254058331097, 0.9929989262756389, 0.9911391343459265, 0.984260385653461, 0.9604165283146309, 0.8771381111461743, 0.6112633943948115, 0.18714877269219976]
map50: 0.9967269576335429, map50_95: 0.8592210203409947
rss: 0.07177831268795377
第20次
train_loss为11.28964199702238
pre: [0.9991149711480595, 0.9987255584532055, 0.9982063415267338, 0.9974157157523336, 0.9959170668963808, 0.9933445830334069, 0.9884120222319248, 0.9759980175353716, 0.9212678333313666, 0.5085611790944384], rec: [0.9958012349309027, 0.9954131137900617, 0.9948956189356072, 0.9941076154072331, 0.9926139370773301, 0.9900499852984417, 0.9851337841811232, 0.9727609526609821, 0.9182122905027933, 0.5068744486915613]
ap: [0.9949944903919722, 0.9945406072835312, 0.9940871402318869, 0.9927347987717355, 0.9900246825650617, 0.9849563736354385, 0.9744048690715255, 0.9569265203673878, 0.8528547756138821, 0.2629009009821735]
map50: 0.9949944903919722, map50_95: 0.8998425158914595
rss: 0.04550456688176994
第21次
train_loss为11.304162064085178
pre: [0.9993446920052425, 0.9989753365900155, 0.9985106636482783, 0.9976528059096866, 0.9964017633742405, 0.993482664124866, 0.9875253187179792, 0.9681520314547838, 0.792636721077088, 0.3281424997021327], rec: [0.9961401425178147, 0.995771971496437, 0.9953087885985749, 0.9944536817102138, 0.993206650831354, 0.9902969121140143, 0.9843586698337292, 0.9650475059382423, 0.7900950118764846, 0.32709026128266033]
ap: [0.996155694377703, 0.9951976285759441, 0.9951949729192832, 0.994236885949413, 0.9923371302605745, 0.989081061318137, 0.9759747026600477, 0.9390601849862436, 0.6405236754954972, 0.12054343941268687]
map50: 0.996155694377703, map50_95: 0.8638305375955531
rss: 0.14633796509527713
第22次
train_loss为11.30798969477585
pre: [0.9991136612786602, 0.998682154269587, 0.9980640496349684, 0.9971660485620321, 0.9958015534252327, 0.9926177314393674, 0.9865416462575514, 0.966529050917827, 0.8083525762134677, 0.20069740862547525], rec: [0.9972876383828272, 0.9968569200144349, 0.9962399450543055, 0.9953435852065702, 0.993981583879492, 0.9908035807829761, 0.9847386005145339, 0.96476258105072, 0.806875196442499, 0.20033060545033352]
ap: [0.9976786905454266, 0.9972153333842146, 0.9958198891562083, 0.9944256318856038, 0.9930240600684109, 0.9890826773907172, 0.9795876567057866, 0.9454550167964657, 0.6701577785369426, 0.04413049959731026]
map50: 0.9976786905454266, map50_95: 0.8606577234067088
rss: 0.057113745574173286
第23次
train_loss为11.290687641946047
pre: [0.9991646567445144, 0.998835225601506, 0.9982822518971705, 0.9970939467027472, 0.9947291017118653, 0.9906347432201894, 0.9820577681040061, 0.9515265603859051, 0.7940467086299194, 0.15170304135537385], rec: [0.9958488707521284, 0.995520532845517, 0.9949693942165623, 0.993785032482, 0.9914280353666831, 0.9873472642416568, 0.9787987523159549, 0.9483688641853703, 0.7914116184713526, 0.15119960599451207]
ap: [0.9963136344034034, 0.9958546073955387, 0.995393881949546, 0.9935696026513053, 0.9903967162309568, 0.9835791252393171, 0.9682923242225078, 0.9116812791338298, 0.6573471808948516, 0.02843618459207109]
map50: 0.9963136344034034, map50_95: 0.8520864536713327
rss: 0.18098333588295418
第24次
train_loss为11.288642431360579
pre: [0.9993521942945984, 0.9988575063013828, 0.9981508091682175, 0.9965725189041483, 0.9910013898376953, 0.9695413535605757, 0.8930531671809852, 0.7590280558761867, 0.545899978799086, 0.20599043603213116], rec: [0.9964649786254521, 0.9959717198290036, 0.9952670644055057, 0.9936933339596937, 0.9881383003711185, 0.9667402640108986, 0.8904730586743083, 0.7568351576079297, 0.5443228261380185, 0.20539531169258232]
ap: [0.9986813186813187, 0.9977997069394288, 0.9969231721177169, 0.9938158197191382, 0.9861453792727866, 0.9436612501371721, 0.8101235912533185, 0.5972859216463284, 0.32081472216053825, 0.0510198026006745]
map50: 0.9986813186813187, map50_95: 0.7696270684528421
rss: 0.16206426431206497
第25次
train_loss为11.307283902782062
pre: [0.9989381032163673, 0.9985369422092173, 0.9979705972579466, 0.9970266890058286, 0.9953984472709253, 0.9919649810038464, 0.9834816055879368, 0.8911437808245039, 0.4155202114354485, 0.07788422965287774], rec: [0.9971850229084955, 0.9967845659163987, 0.9962192148687325, 0.9952769631226223, 0.9936515788605821, 0.9902241381341059, 0.9817556505659399, 0.8895798735027031, 0.41479099678456594, 0.0777475472009234]
ap: [0.9981247251950677, 0.9981252255840283, 0.9976733351627196, 0.9957335393930273, 0.9943132195351577, 0.9902826205385655, 0.9785506170972603, 0.8168259177549161, 0.18414957025261666, 0.007830613728832016]
map50: 0.9981247251950677, map50_95: 0.7961609384242191
rss: 0.13387374456679219
第26次
train_loss为11.255962522530691
pre: [0.9991874801285902, 0.998893088870833, 0.9983749602571802, 0.9976801968888732, 0.9960904840969843, 0.9936058218815134, 0.9884245357449866, 0.9742584284217096, 0.8982348300184878, 0.3527396050446886], rec: [0.997707150164027, 0.9974131950568509, 0.9968958340682211, 0.9962021000152856, 0.9946147424365351, 0.9921337613319694, 0.9869601514456712, 0.9728150316883606, 0.896904064811222, 0.3522170094183216]
ap: [0.9966573967880141, 0.996181213735342, 0.9961810358128558, 0.9952615296458073, 0.9929798830010704, 0.989751379064231, 0.9800722838871726, 0.9598873358481579, 0.8296395223311772, 0.1353395902711984]
map50: 0.9966573967880141, map50_95: 0.8871951170385026
rss: 0.04670230296617787
第27次
train_loss为11.287629715841016
pre: [0.9989641087214983, 0.9982460477216277, 0.9970806700333134, 0.9952914032795376, 0.9916304693293782, 0.983543454461984, 0.9569516544831727, 0.7862650233664112, 0.23298136572847877, 0.006650892867653118], rec: [0.9954954426548734, 0.9947798749516112, 0.9936185437610707, 0.9918354898119582, 0.9881872675871292, 0.9801283329618637, 0.9536288667049867, 0.7835349044541157, 0.23217239316339577, 0.0066277992187408355]
ap: [0.9930187533180668, 0.9930188222597706, 0.9906490080290811, 0.988369058821177, 0.9820127664153826, 0.9726428507831848, 0.9220059181132334, 0.6367786559604675, 0.06413877340283086, 9.416522765870922e-05]
map50: 0.9930187533180668, map50_95: 0.7542728772330853
rss: 0.21713791457703252
第28次
train_loss为11.279146796771641
pre: [0.9995440516273849, 0.999146558174336, 0.9986906098017209, 0.9979423868312757, 0.9961302843247287, 0.9925294612794613, 0.9847900299289188, 0.9398381967826412, 0.5240015899738122, 0.040497568275346056], rec: [0.9956910105162635, 0.9952950493204608, 0.9948408585370399, 0.9940955198155287, 0.9922904025993687, 0.9887034600020963, 0.980993862601465, 0.9362153097231766, 0.5219816693258178, 0.04034145830179231]
ap: [0.9949694640075304, 0.9940587842243024, 0.9940574930922507, 0.9926772776397736, 0.9903711399706576, 0.9841595768186071, 0.9708147986267512, 0.8917203205553259, 0.28893115922681906, 0.0019589676311447144]
map50: 0.9949694640075304, map50_95: 0.8103718981793163
rss: 0.09496614803649996
第29次
train_loss为11.295449280009583
pre: [0.999008966493629, 0.9985370457763095, 0.9977937706465314, 0.9964252005663049, 0.9939594148183105, 0.989806512505899, 0.9810405851816895, 0.9574917413874469, 0.8813119395941482, 0.5411868806040585], rec: [0.9951696498877619, 0.9946995428208775, 0.9939591241905344, 0.9925958136965694, 0.990139504272098, 0.9860025620835146, 0.9772703233161353, 0.9538119806785995, 0.8779249474067718, 0.5391070316264529]
ap: [0.996761533929661, 0.9962987303869227, 0.9949411977682928, 0.9944646816255338, 0.9902421946188503, 0.9809104217528685, 0.9679867559336176, 0.920155777147234, 0.778704148296885, 0.3018330196868476]
map50: 0.996761533929661, map50_95: 0.8922298461146714
rss: 0.0735612471349577
第30次
train_loss为11.292224233618372
pre: [0.9992474306813104, 0.9989652171868019, 0.9980362644340444, 0.9965664024834787, 0.9939559276592742, 0.9888996025493285, 0.9769408057195268, 0.945285858752146, 0.8312716069706733, 0.23217939371134264], rec: [0.9949187467803119, 0.9946377558188545, 0.9937128272373905, 0.9922493326464665, 0.9896501662529855, 0.984615744860207, 0.9727087528684494, 0.9411909333583103, 0.8276705849295181, 0.23117360558235378]
ap: [0.9950050516006953, 0.994099402803127, 0.9927407226052932, 0.9904815632772431, 0.985845540444725, 0.9773915270523535, 0.9577055783651953, 0.8968832905987683, 0.6980591015719556, 0.061189512572681785]
map50: 0.9950050516006953, map50_95: 0.8549401290892039
rss: 0.16202747912662022
第31次
train_loss为11.298030804829729
pre: [0.9994003879842455, 0.9990947034271942, 0.9987184762800541, 0.9980365645758627, 0.9968608547410499, 0.9951090470871788, 0.9910293339603786, 0.9812474281347363, 0.9316207160072894, 0.3640232790547293], rec: [0.9978517848967565, 0.9975465740077711, 0.9971709298367122, 0.9964900747766678, 0.9953161867421085, 0.9935670935706152, 0.9894937020906945, 0.9797269536431615, 0.930177139704415, 0.3634592132602392]
ap: [0.9975980146683318, 0.9975965392756154, 0.9971168659817056, 0.995200648814005, 0.9942460370735766, 0.9914296019240837, 0.9837908273019292, 0.9686996509921539, 0.8766244903263103, 0.1519811197057056]
map50: 0.9975980146683318, map50_95: 0.8954283796063418
rss: 0.05984079925519094
第32次
train_loss为11.307595904143458
pre: [0.9994582307701367, 0.9990106822759018, 0.9984335802701779, 0.997597371241476, 0.9961016170633752, 0.9937932090404796, 0.9887995100521747, 0.968388943196674, 0.7632468465497544, 0.2018679260838329], rec: [0.998235522461799, 0.9977885214854548, 0.9972121254896426, 0.996376939454894, 0.9948830151392173, 0.9925774311559681, 0.9875898413146534, 0.9672042441566385, 0.7623131124207455, 0.20162096669842727]
ap: [0.999474513925381, 0.9989487254165119, 0.9989488674266316, 0.9978982434064283, 0.996492547105975, 0.994226560199099, 0.9870232435061282, 0.9533287772233839, 0.6143447549937704, 0.0463015704241171]
map50: 0.999474513925381, map50_95: 0.8586987803627426
rss: 0.10605084862415481
第33次
train_loss为11.282579830156346
pre: [0.9993537622785167, 0.9991305165201861, 0.9986487756732622, 0.9978027917469569, 0.9967570616158293, 0.9946421018000658, 0.9896249471260046, 0.9750317243972364, 0.8700474690980872, 0.26930488320721907], rec: [0.9970575822939135, 0.9968348494795086, 0.9963542155115821, 0.9955101753727844, 0.9944668479789928, 0.9923567476319985, 0.9873511206977399, 0.9727914283034793, 0.8680483916346244, 0.2686861108506049]
ap: [0.9968620086794969, 0.9968620086794969, 0.9964146210583795, 0.9950678200619929, 0.9941740538287818, 0.9912441038487921, 0.9861944657144682, 0.9629111411282181, 0.7833381186686151, 0.07859833010747967]
map50: 0.9968620086794969, map50_95: 0.8781666671775721
rss: 0.11372755653990019
第34次
train_loss为11.270923335927211
pre: [0.9985185893147281, 0.9980526617604893, 0.9971088597916468, 0.9955079805027239, 0.9926048934340056, 0.9866434101118227, 0.9726655834846603, 0.928856446525853, 0.7826029819363471, 0.40210742616840295], rec: [0.9748530372305683, 0.9743981524680414, 0.9734767192311281, 0.9719137818419333, 0.9690794998600355, 0.963259307642064, 0.9496127647662592, 0.9068419333768779, 0.764054772790893, 0.392577213772511]
ap: [0.9705614116077874, 0.9700881280813406, 0.9691429993136916, 0.9659613780199213, 0.9599983442401056, 0.9521131072852954, 0.9291174032143814, 0.8454363602324669, 0.6115551969032964, 0.16262407529291573]
map50: 0.9705614116077874, map50_95: 0.8336598404191202
rss: 0.1930448556364372
第35次
train_loss为11.279232968381795
pre: [0.9994559625323761, 0.9991129823897437, 0.9985452911191797, 0.9976227928045132, 0.9960852956134022, 0.9926554941870779, 0.9840100292124466, 0.9448275046420588, 0.7914680732794815, 0.22754958428441333], rec: [0.9973681104685471, 0.9970258468075062, 0.9964593414375074, 0.9955387702112592, 0.9940044848341791, 0.9905818482237696, 0.981954443526496, 0.942853770801369, 0.7898147055352296, 0.22707423580786026]
ap: [0.9951685600011444, 0.9946874202795379, 0.9942066171216462, 0.9927977838394555, 0.9904631210137126, 0.9815690122126837, 0.9681876753032255, 0.8957658886826242, 0.6506238235850909, 0.05854884083032734]
map50: 0.9951685600011444, map50_95: 0.8522018742869448
rss: 0.1058966701929779
第36次
train_loss为11.277552593257003
pre: [0.99893383877273, 0.9985073742818219, 0.9977492151868743, 0.9964105905348576, 0.9939939584197122, 0.9892080791328556, 0.9791150861813659, 0.957448320796067, 0.879713321092223, 0.5067582775573062], rec: [0.9969615284575915, 0.9965359059847249, 0.9957792438107399, 0.9944432621597976, 0.9920314014802204, 0.98725497150694, 0.9771819063157646, 0.9555579201248493, 0.8779764015984488, 0.5057577262301671]
ap: [0.9950846318038398, 0.9950846318038398, 0.9941265731993171, 0.9936374080985162, 0.9907473330325239, 0.9813694923056763, 0.9612151066053689, 0.9255892086618185, 0.7905181807621994, 0.26880465174252133]
map50: 0.9950846318038398, map50_95: 0.8896177218015622
rss: 0.07832296393608743
第37次
train_loss为11.251544647884037
pre: [0.9994605244640428, 0.9991321480508515, 0.9986161279729793, 0.9979359196885115, 0.9965872308486184, 0.9944410564338322, 0.9907233663273444, 0.9802856874794764, 0.936506074963644, 0.5913590092414505], rec: [0.9974368277524842, 0.9971091162322538, 0.9965941409861776, 0.9959153099799862, 0.9945693519504687, 0.9924275230861062, 0.9887173605177842, 0.9783008157676057, 0.9346098477311829, 0.5901616320033708]
ap: [0.9968629720593988, 0.9955201822813865, 0.9950731098346488, 0.9946167334604386, 0.9932650426533836, 0.9887003966259313, 0.9826479619329951, 0.9620957541951654, 0.895622232762379, 0.362033125682507]
map50: 0.9968629720593988, map50_95: 0.9166437511488233
rss: 0.032571740563074
第38次
train_loss为11.281586695238754
pre: [0.999399349884581, 0.9991520233664672, 0.9988340321288924, 0.9980684976680643, 0.9970909690488529, 0.9954185706882743, 0.9921208837800914, 0.9848424176756019, 0.9606868610731616, 0.7064116455457672], rec: [0.9963483937629156, 0.9961018222806688, 0.9957848018034943, 0.9950216043584444, 0.9940470599286116, 0.9923797670486568, 0.9890921472853654, 0.9818359008078151, 0.9577540860417058, 0.7042551192936314]
ap: [0.9981360671015843, 0.9976696079824083, 0.9972035805932443, 0.9972035466535949, 0.9962723236814598, 0.9944140206064473, 0.9879291298150183, 0.9759561927248344, 0.9359582212654823, 0.5112801212047986]
map50: 0.9981360671015843, map50_95: 0.9392022811628873
rss: 0.04769576607967582
第39次
train_loss为11.26814627707594
pre: [0.9993186410413044, 0.99898970913021, 0.9983318453080212, 0.9973215544382313, 0.9951482543113576, 0.9910718481274376, 0.9812391334993656, 0.9323575019970866, 0.610756073492787, 0.05557774540670081], rec: [0.9972801238012614, 0.996951862880724, 0.9962953410396492, 0.9952871110694271, 0.9931182442730193, 0.9890501535792164, 0.9792374967760088, 0.9304555792632887, 0.609510187812141, 0.055464371966517385]
ap: [0.9966965210575525, 0.9962255416266149, 0.9943614231411513, 0.992454166771353, 0.9905660373930916, 0.9839252364442859, 0.9659738020339608, 0.8891696649333785, 0.38711580305057713, 0.004101677623677379]
map50: 0.9966965210575525, map50_95: 0.8200589874075643
rss: 0.13792258038831456
第40次
train_loss为11.268243231799191
pre: [0.9993010740162617, 0.9989632597907881, 0.998194441208676, 0.9971809985322554, 0.9948046501875452, 0.9893763250471775, 0.9769936863686136, 0.9423735526407754, 0.8167532558302076, 0.3495328844675349], rec: [0.997129008636221, 0.9967919286785303, 0.9960247811886137, 0.9950135413155418, 0.9926423581648902, 0.9872258319482059, 0.9748701079818209, 0.9403252240419374, 0.8149779735682819, 0.3487731451884742]
ap: [0.9991019308486754, 0.9986519928076549, 0.9977557692162375, 0.9963688168067804, 0.991245913847018, 0.9808511758576036, 0.9632442642034473, 0.8996166002972957, 0.6948267767674755, 0.1326219363382443]
map50: 0.9991019308486754, map50_95: 0.8654285176990433
rss: 0.06357617342582024
第41次
train_loss为11.249773243228084
pre: [0.9994866170396471, 0.9992415933540242, 0.9987865493664387, 0.9981448206659977, 0.9970947191561851, 0.9950061839311133, 0.9911441439339136, 0.9783095699250928, 0.8185074557207197, 0.2694093762397032], rec: [0.9973802787383422, 0.9971357714205875, 0.9966816864019001, 0.996041310093495, 0.9949934215888319, 0.992909287785113, 0.9890553867290742, 0.9762478605609697, 0.8167825165624599, 0.268841617474123]
ap: [0.9967732942194489, 0.996772949861384, 0.9963129753697352, 0.9953934594299153, 0.99448103712551, 0.9903394015508827, 0.9848465706338538, 0.9634886441703004, 0.6902838552687902, 0.07844243726569017]
map50: 0.9967732942194489, map50_95: 0.868713462489551
rss: 0.11445478481638961
第42次
train_loss为11.250860449544383
pre: [0.9992605807375414, 0.9989436867679162, 0.9985328982887726, 0.9975470059388277, 0.9960799042276003, 0.9930165958545574, 0.9853994037698646, 0.9625947747705453, 0.6354310931668271, 0.053778080326752895], rec: [0.9977031698599637, 0.9973867697896526, 0.9969766215503604, 0.995992265776059, 0.9945274506357298, 0.9914689166227222, 0.9838635964141326, 0.961094509872854, 0.6344407335794223, 0.05369426378391047]
ap: [0.9980970504281638, 0.9980970504281635, 0.9980970504281634, 0.9980970504281635, 0.9937828031730662, 0.9888093324488786, 0.9748569419589819, 0.9379191464216765, 0.42145829482843494, 0.00290486503638941]
map50: 0.9980970504281638, map50_95: 0.8312119585580081
rss: 0.15764080901774435
第43次
train_loss为11.268935209236203
pre: [0.9994638708524454, 0.9992255912313099, 0.9987966879132663, 0.9982248168225413, 0.9971763864895454, 0.9952939774825758, 0.9920533746351343, 0.9837850717817359, 0.9568594745934353, 0.614356347173408], rec: [0.9978470578439652, 0.9976091636830774, 0.9971809541934793, 0.9966100082073486, 0.9955632738994421, 0.9936839100284284, 0.990448549440354, 0.9821936220575466, 0.9553115818772229, 0.613362515017069]
ap: [0.9975524365712498, 0.9965745378261971, 0.9960868699215654, 0.9951261164524555, 0.9931884480492582, 0.9912086202336252, 0.9853661339976605, 0.968446861316377, 0.9140304313118812, 0.384445437806853]
map50: 0.9975524365712498, map50_95: 0.9222025893487122
rss: 0.08829007492441429
第44次
train_loss为11.256984477818623
pre: [0.9992422829432062, 0.9989508533059778, 0.9984262799589667, 0.9976685629021729, 0.9963746153128789, 0.9939848922876061, 0.9889956168982561, 0.9780961484659144, 0.9375874288911685, 0.5568287792595356], rec: [0.9981601592976, 0.9978690452624102, 0.9973450399990684, 0.9965881435075747, 0.9952955971913318, 0.992908462102775, 0.9879245898203244, 0.9770369249042234, 0.9365720740128323, 0.5562257647565705]
ap: [0.9978896330344335, 0.9978904388344175, 0.9974700389533744, 0.9970492825819653, 0.9944072268557018, 0.9902450028861611, 0.9827535019103416, 0.9599475925879837, 0.8832929915034146, 0.3113833604715296]
map50: 0.9978896330344335, map50_95: 0.9112329069619323
rss: 0.0452495887196215
第45次
train_loss为11.274459842389884
pre: [0.999556209562516, 0.9992759208651578, 0.9988554878191204, 0.9980263004227687, 0.9969752178076753, 0.9946161212715764, 0.9893723868918319, 0.9681405180669422, 0.7074136360451265, 0.05693364165090043], rec: [0.9982388411341396, 0.9979589218442015, 0.9975390429092945, 0.9967109483432277, 0.9956612510059599, 0.9933052636489812, 0.9880684402663898, 0.9668645540535812, 0.706481297892441, 0.05685860576867004]
ap: [0.9990587015940668, 0.9981174079141168, 0.9981181295704018, 0.9962405557228047, 0.993884861677116, 0.9910519250138844, 0.981782925634627, 0.9425692179469083, 0.5185157227650666, 0.004392927057614359]
map50: 0.9990587015940668, map50_95: 0.8423732374896608
rss: 0.06361144049261082
第46次
train_loss为11.274679830217963
pre: [0.9993942288649946, 0.9991612399669155, 0.9987418599503733, 0.9980312438112324, 0.9967381554268939, 0.9946296058992788, 0.9901795179459699, 0.9766312135226757, 0.9109283442643958, 0.37207162078726946], rec: [0.9978713999906946, 0.9976387661098962, 0.9972200251244592, 0.996510491788024, 0.9952193737495929, 0.9931140371283673, 0.988670730005118, 0.975143069836691, 0.9095403154515423, 0.37150467594100406]
ap: [0.9981852905550509, 0.9981852891272034, 0.9977321520646942, 0.9968414474893373, 0.9949714633481459, 0.9917639554873372, 0.9821257787185385, 0.9636006273193141, 0.8434429011056275, 0.162377067796375]
map50: 0.9981852905550509, map50_95: 0.8929225973011624
rss: 0.06404129148011678
第47次
train_loss为11.243421469434333
pre: [0.9993547630220554, 0.998862036602534, 0.998322383857344, 0.9971726888784608, 0.9952604411074613, 0.9917996245893946, 0.9841975598310653, 0.9648052557484749, 0.8357109338338808, 0.3498122946973252], rec: [0.997774524158126, 0.9972825768667642, 0.9967437774524158, 0.9955959004392386, 0.9936866764275256, 0.9902313323572475, 0.9826412884333822, 0.9632796486090776, 0.8343894582723279, 0.34925915080527087]
ap: [0.9968160880286814, 0.9954534319514337, 0.9950009092074528, 0.9931712074043886, 0.9912275203139924, 0.9863361250538129, 0.9704934914462722, 0.9378953471489506, 0.7096646195023378, 0.1286308490015425]
map50: 0.9968160880286814, map50_95: 0.8704689589058864
rss: 0.044346000788957965
第48次
train_loss为11.233002634392356
pre: [0.9994115431691931, 0.9991643913002543, 0.9987289332454571, 0.9978344788626307, 0.9965281046982394, 0.9939506637793052, 0.9877836361924489, 0.9694590904811223, 0.8806256473025139, 0.34511816213162605], rec: [0.9962691820357595, 0.9960228072645361, 0.9955887183819043, 0.9946970763527149, 0.9933948097048195, 0.9908254728049181, 0.9846778356562954, 0.9664109061898728, 0.8778567741329955, 0.3440330376836079]
ap: [0.9972477064220183, 0.9972477064220183, 0.9972477064220182, 0.9967887562713834, 0.9954136880396345, 0.9912114274633866, 0.9790829876034688, 0.9475968695425098, 0.7924719373875521, 0.1338376453766032]
map50: 0.9972477064220183, map50_95: 0.8828146430950593
rss: 0.10042039480441901
第49次
train_loss为11.244706575826752
pre: [0.999419623821481, 0.9990879802908987, 0.9986260482304449, 0.9977377173449566, 0.996280854692756, 0.9936987729189368, 0.9883450987823945, 0.9715260340171508, 0.8626995783389397, 0.2496328232339982], rec: [0.9977415159039849, 0.9974104292302235, 0.9969492727917701, 0.9960624334870521, 0.9946080170273146, 0.992030270781601, 0.9866855859051673, 0.9698947617358401, 0.8612510346458555, 0.2492136691498167]
ap: [0.9976186140127721, 0.9966672810412698, 0.9966660071507811, 0.9952485937270017, 0.9937874857991115, 0.9886495132696969, 0.980393461524243, 0.9495506993341669, 0.7635262996753048, 0.06805809816312036]
map50: 0.9976186140127721, map50_95: 0.8730166053697468
rss: 0.1446099136750715
第50次
train_loss为11.236948833126121
pre: [0.9993669476325013, 0.9990738678327334, 0.9985814937691234, 0.9977139775618106, 0.996459596018804, 0.9929309152295988, 0.9854866883154946, 0.9632595163010985, 0.7403781901736205, 0.1545468400135989], rec: [0.9972275513546395, 0.9969350989658884, 0.9964437789527865, 0.9955781198820832, 0.9943264236582284, 0.990805296897665, 0.9833770062233869, 0.9611974170605025, 0.7387932244630574, 0.15421599363623603]
ap: [0.9949884680544813, 0.9949873133829971, 0.9941547912967312, 0.9920749015408582, 0.9895026950882917, 0.9846146634259852, 0.9741237100143751, 0.9321446872289322, 0.5573822000269043, 0.024154178722311462]
map50: 0.9949884680544813, map50_95: 0.8438127608781867
rss: 0.07114746031317196
第51次
train_loss为11.256288126989201
pre: [0.9992882645322381, 0.9989849018738478, 0.9983898443516207, 0.9973164072527011, 0.995414556740485, 0.9919725573472102, 0.9845168366275406, 0.9642265418990502, 0.7804471098872892, 0.15269642732130773], rec: [0.994461345533081, 0.9941594482246116, 0.993567265042614, 0.99249901302803, 0.9906063491326258, 0.9871809758249924, 0.9797612688976104, 0.9595689835349852, 0.7766772717772462, 0.15195884907456864]
ap: [0.994645653206202, 0.994645995512885, 0.9941997719873161, 0.9937487163581817, 0.9901183845127471, 0.9845901183799529, 0.9757046759685126, 0.9406923074631197, 0.6413205412969101, 0.028191321504016764]
map50: 0.994645653206202, map50_95: 0.8537857486189845
rss: 0.18485861916428747
第52次
train_loss为11.252129658012482
pre: [0.9994483114809902, 0.9991665981946873, 0.998767504372425, 0.9982979822285869, 0.9973354618337187, 0.9954925874191541, 0.9918420527508128, 0.9815243036399705, 0.9179040531499066, 0.5696007887972017], rec: [0.9968506702569806, 0.9965696891646666, 0.9961716326172217, 0.9957033307966985, 0.9947433120646256, 0.9929052274190716, 0.9892641807645027, 0.9789732482585026, 0.9155183515775918, 0.5681203535678745]
ap: [0.9978383976204426, 0.9969725677593904, 0.9965412211816583, 0.9961078547487636, 0.9956748917267783, 0.9939322884157122, 0.9873380888562433, 0.9686294870685057, 0.8566015867045327, 0.3508074181687368]
map50: 0.9978383976204426, map50_95: 0.9140443802250763
rss: 0.05062047423796755
第53次
train_loss为11.25537159565854
pre: [0.9989791921374055, 0.998148302016689, 0.9966526997993994, 0.9937089748002896, 0.9879283535318765, 0.977114912103695, 0.9554524196707301, 0.8968034470070151, 0.678564221871402, 0.0897242631785108], rec: [0.9921604225119657, 0.9913352038290147, 0.989849810199703, 0.9869261782943909, 0.9811850140287176, 0.9704453823120269, 0.9489307523636621, 0.8906821021856506, 0.6739325206894112, 0.08911182892037818]
ap: [0.9944970375190375, 0.9935716145448049, 0.9912698587562163, 0.9861673344619694, 0.9774669605794716, 0.960443720451486, 0.9196386490372257, 0.8231532217082242, 0.48717121632334753, 0.00931109359521699]
map50: 0.9944970375190375, map50_95: 0.8142690706976999
rss: 0.14294812877835672
第54次
train_loss为11.245445816550463
pre: [0.998899568021915, 0.9984312990950703, 0.9974479343486965, 0.9958206998279112, 0.9924959904473138, 0.9845002985214408, 0.9629482211634142, 0.8898514416829585, 0.5766263565165475, 0.12554289928706056], rec: [0.9957637997432606, 0.9952970008168981, 0.994316723071537, 0.9926945968024273, 0.9893803244252538, 0.9814097327576147, 0.959925312171782, 0.8870579997666005, 0.5748161979227447, 0.12514879215777805]
ap: [0.9948388131915676, 0.9939004792447949, 0.9920437969895834, 0.9901570656942811, 0.9845327052986604, 0.9729814716824665, 0.9346761468761433, 0.8084287171345026, 0.34368719757643595, 0.01769526508886061]
map50: 0.9948388131915676, map50_95: 0.8032941658777297
rss: 0.16213105293864152
第55次
train_loss为11.268624799773349
pre: [0.9994591861927884, 0.9992240497548702, 0.9989066155636809, 0.9982129630718224, 0.9968021444443138, 0.9943096982023819, 0.9872791187086307, 0.9606616739363015, 0.829279189249562, 0.3511292427431017], rec: [0.9977934013310016, 0.9975586567917464, 0.997241751663752, 0.9965492552729492, 0.9951407880374182, 0.9926524959213137, 0.9856336341975844, 0.9590605523539009, 0.8278970410450827, 0.3505440204697238]
ap: [0.9968755554299877, 0.9964293929468222, 0.9959850711806854, 0.9950776124471239, 0.9928345935023113, 0.9877848488494889, 0.9753825231052643, 0.9319544034138428, 0.7166811314085614, 0.13664656996577787]
map50: 0.9968755554299877, map50_95: 0.8725651702249866
rss: 0.09978760122203272
第56次
train_loss为11.265699275894518
pre: [0.9996946815881255, 0.9993893631762509, 0.9989078995267565, 0.9980389163544982, 0.9964066371525535, 0.9928954754159963, 0.9851803140082436, 0.9629977570839743, 0.7840811677254953, 0.2244677478069918], rec: [0.9963018011164816, 0.995997518929863, 0.9955176893278874, 0.9946516554121269, 0.9930249160298197, 0.9895256708837057, 0.981836694091074, 0.9597294229171299, 0.781420061558627, 0.22370592296979414]
ap: [0.9941784114695408, 0.9936951393711169, 0.9936951393711169, 0.9927533887204328, 0.9903374073739977, 0.9845874178206926, 0.9722253755426894, 0.9304045328442452, 0.6271332082590492, 0.057993259267324015]
map50: 0.9941784114695408, map50_95: 0.8537003280040205
rss: 0.12277584019703734
第57次
train_loss为11.262177970478128
pre: [0.9990138993238167, 0.9984504132231405, 0.9973586589030804, 0.9954451540195342, 0.9907024793388429, 0.9793271036814425, 0.9429587716003005, 0.8416134485349361, 0.4749718256949662, 0.035170924117205106], rec: [0.9928713934034138, 0.9923113719359242, 0.9912263303426632, 0.9893245907759798, 0.9846110767579423, 0.9733056433829963, 0.9371609245021059, 0.8364387301513224, 0.4720514286380978, 0.03495467326247506]
ap: [0.9971424628937212, 0.9971425782226293, 0.9952124328567244, 0.9933350628315681, 0.9852724566181917, 0.9627106318531531, 0.8989108607639881, 0.7298627297780029, 0.23827182842166217, 0.0017188439180582504]
map50: 0.9971424628937212, map50_95: 0.7799579888157699
rss: 0.10772327527567097
第58次
train_loss为11.248921403178786
pre: [0.999476567679799, 0.9991741401170162, 0.9987321306021798, 0.9979876935245606, 0.996801246932105, 0.9949750497260704, 0.9909737004338672, 0.9816682369636273, 0.9318607437391678, 0.38117504739970454], rec: [0.9977009892712833, 0.997399098973573, 0.9969578746923041, 0.996214760113325, 0.995030421253077, 0.9932074683015187, 0.9892132274395058, 0.9799242952022665, 0.930205285402443, 0.380497886767916]
ap: [0.9971839690362675, 0.9971850924628373, 0.9971852934086121, 0.9962768896898893, 0.9939560075354398, 0.989801743276906, 0.9838347659921232, 0.9719643345221008, 0.8745971162457213, 0.1628491843878918]
map50: 0.9971839690362675, map50_95: 0.8964834396557789
rss: 0.05664564381974382
第59次
train_loss为11.250114527507833
pre: [0.9994413009367125, 0.9991203461556749, 0.9985735343065, 0.9978365270315249, 0.9962079786981123, 0.9925586039655746, 0.9849032380771242, 0.9659193571394608, 0.9097166088155579, 0.5697303979839284], rec: [0.9963146418922122, 0.9959946911883206, 0.9954495899890979, 0.9947148883727545, 0.9930914348011566, 0.989453476797649, 0.981822060008532, 0.9628975683746505, 0.9068706451154193, 0.5679480494857089]
ap: [0.9975574010747436, 0.9975574010747436, 0.9975574010747436, 0.9956456957314087, 0.9956106655466618, 0.9893011153296416, 0.9734554971561297, 0.9349377988372053, 0.8374795411699854, 0.3369081487861425]
map50: 0.9975574010747436, map50_95: 0.9056010665781405
rss: 0.07640107149213073
第60次
train_loss为11.232798405486086
pre: [0.9994263235535158, 0.999133631488983, 0.9985599550424988, 0.997471140562437, 0.9956096190320088, 0.9917460837801766, 0.982696045144824, 0.9533448849134802, 0.8230617931486641, 0.15058421336080735], rec: [0.9979075095857103, 0.9976152623211447, 0.9970424576825961, 0.9959552978584121, 0.9940966052557748, 0.9902389413635089, 0.9812026559431404, 0.9518961002525016, 0.8218109978490601, 0.15035537267371177]
ap: [0.9976138907508664, 0.9966619802692387, 0.9961856019260042, 0.995724142596115, 0.9929005933837575, 0.9871086452848762, 0.9721586708715159, 0.919544050081322, 0.6990554917578342, 0.024544547149919542]
map50: 0.9976138907508664, map50_95: 0.858149761407145
rss: 0.1111474490596968
第61次
train_loss为11.228499241754347
pre: [0.9995529832486354, 0.9993412384716732, 0.99902362130623, 0.9984119141727837, 0.9972473178994918, 0.9951651609260305, 0.9906126482213439, 0.9730848861283644, 0.7144739318652362, 0.10637822322604931], rec: [0.9980736251086523, 0.9978621937181384, 0.9975450466323678, 0.9969342448375502, 0.9957713721897244, 0.9936922968496723, 0.9891465219536261, 0.9716447012944299, 0.7134164963469354, 0.10622078135644983]
ap: [0.9985493230174083, 0.9985493230174081, 0.9980664515607316, 0.9966173883747247, 0.9966185895908346, 0.9914572176010586, 0.9830595867515657, 0.9540853011866898, 0.531415760007409, 0.014484370062095462]
map50: 0.9985493230174083, map50_95: 0.8462903311169926
rss: 0.04603945960079343
第62次
train_loss为11.251531337465938
pre: [0.9994815966822188, 0.9991870493425703, 0.9987982468542345, 0.9981502427070079, 0.9972312550073048, 0.9953697158207268, 0.9914345633630237, 0.9821150855365475, 0.9226518686083227, 0.2917079032942175], rec: [0.9980939831046898, 0.9977998446949197, 0.9974115819940231, 0.9967644774925288, 0.9958467656540462, 0.9939878109042991, 0.9900581217497706, 0.9807515824646446, 0.9213709203002565, 0.29130291549991766]
ap: [0.9990712299937446, 0.9981441090148802, 0.9972179213181395, 0.9962944041405865, 0.9949194814681473, 0.990291192322041, 0.985013117887481, 0.9665868793131557, 0.852077244674382, 0.09157492874430967]
map50: 0.9990712299937446, map50_95: 0.8871190508876868
rss: 0.055170958517454606
第63次
train_loss为11.250759555424574
pre: [0.9988623302291759, 0.9979592315451198, 0.9964931622528207, 0.9942530083741878, 0.9902887570078113, 0.9825713682531492, 0.9673125190589008, 0.9299805305997982, 0.7852970842813914, 0.1414932795383641], rec: [0.9952786640021503, 0.9943788054085008, 0.9929179960032255, 0.9906858792319648, 0.9867358506001005, 0.9790461498907315, 0.9638420456006264, 0.9266439949046968, 0.7824796363168904, 0.14098563732192734]
ap: [0.9937425402103609, 0.9923448983835493, 0.9913459950667897, 0.9854095993815933, 0.9764522368777246, 0.9596584176474953, 0.9319134490551264, 0.8646405629206434, 0.6363322410007379, 0.023364619486380127]
map50: 0.9937425402103609, map50_95: 0.8355204560030401
rss: 0.10613870864151916
第64次
train_loss为11.241011460522715
pre: [0.9991116202410315, 0.9988310792645151, 0.9982232404820629, 0.9975452664554817, 0.9958620205963834, 0.9928929619282516, 0.9857859238565033, 0.9666506914166151, 0.8878537446375762, 0.4777262153853347], rec: [0.9963281577843055, 0.9960483983773954, 0.995442252995757, 0.994766167762391, 0.9930876113209307, 0.9901268242644659, 0.9830395859560778, 0.963957663076421, 0.8853802396605586, 0.4763953000419639]
ap: [0.9961658223281604, 0.9956877019646659, 0.9952093534858351, 0.9947328616697486, 0.9928294242757789, 0.9881518495163889, 0.9813629607493463, 0.9539664554046144, 0.8106989500038314, 0.2392790770553222]
map50: 0.9961658223281604, map50_95: 0.8948084456453692
rss: 0.07710839064906572
第65次
train_loss为11.248370583101757
pre: [0.9995075220149385, 0.9992495573560968, 0.9986398227079254, 0.9976314154051804, 0.9955676981344465, 0.9905373872870326, 0.9675316299848739, 0.8839393548538396, 0.628730227595183, 0.13944162377027075], rec: [0.9970757155723994, 0.9968183785427706, 0.9962101273818297, 0.995204173538735, 0.9931454773017043, 0.9881274052239417, 0.9651776210361325, 0.8817887262986747, 0.6272005240317694, 0.13910236165210374]
ap: [0.9986375414159333, 0.99818328245691, 0.9977293400428033, 0.9968579510840151, 0.995012464076583, 0.9849168694896439, 0.949391848044857, 0.8127351373307679, 0.4414803766255644, 0.024506032558556743]
map50: 0.9986375414159333, map50_95: 0.8199450843125634
rss: 0.1060362546659379
第66次
train_loss为11.257949301938288
pre: [0.9990519754461641, 0.9983054061100183, 0.9970255729623397, 0.9941459483800631, 0.9888488611855047, 0.9752684094518048, 0.9377740383475932, 0.8576778138553789, 0.6035598321996539, 0.025691465408954093], rec: [0.9958891487702884, 0.99514494294422, 0.9938691615281027, 0.9909986533418386, 0.9857183358140195, 0.9721808774541073, 0.9348052070782243, 0.8549625534528787, 0.6016490656082406, 0.025610130649467242]
ap: [0.9944210958828579, 0.993494339314602, 0.9902259336233105, 0.9865376466598086, 0.9756986540197639, 0.9493883685572196, 0.8964673187468875, 0.7644568870022214, 0.39808865515678227, 0.0010946505049010298]
map50: 0.9944210958828579, map50_95: 0.7949873549468355
rss: 0.18213527100296917
第67次
train_loss为11.227811760931077
pre: [0.9994610995911386, 0.9992033646129875, 0.9988284773720404, 0.9981841399266627, 0.9972234913717358, 0.9951850419990862, 0.9916118979838096, 0.9832120807413395, 0.9504094471584719, 0.5928255954263757], rec: [0.9965657014029227, 0.9963087130725291, 0.995934911864684, 0.9952924410387001, 0.9943345754435969, 0.9923020313759389, 0.9887392386136648, 0.9803637553003843, 0.9476561496139334, 0.5911082037683835]
ap: [0.9947865669451874, 0.9947865669451874, 0.994355344963882, 0.9939218016010058, 0.9925817561933924, 0.9897289427997156, 0.9840339563057331, 0.969439382272134, 0.9099820370093789, 0.3553772950913071]
map50: 0.9947865669451874, map50_95: 0.9178993650126923
rss: 0.06801619564481248
第68次
train_loss为11.27079871783641
pre: [0.9995974807027513, 0.9992896718283847, 0.9987569256996732, 0.9979518871051759, 0.9962944547047402, 0.9935123360325804, 0.9875337405881517, 0.9704621868636644, 0.8934152578491263, 0.5239972533977364], rec: [0.9969065835458581, 0.9965996032870501, 0.9960682913006518, 0.9952654198545385, 0.993612449230188, 0.9908378199678851, 0.9848753187871918, 0.9678497213563805, 0.8910102011901389, 0.5225866628884481]
ap: [0.9982151952172138, 0.9973229628897113, 0.9968766100059824, 0.9964310669471679, 0.9937141438092195, 0.990009054555249, 0.9780414958969741, 0.9469676087709294, 0.8163542071939509, 0.28935386302720134]
map50: 0.9982151952172138, map50_95: 0.90032862083136
rss: 0.06814620422361546
第69次
train_loss为11.23596677969451
pre: [0.9986719631440392, 0.998201861602106, 0.9972969161338849, 0.9952049642722828, 0.99157342986085, 0.9848979879654005, 0.9707949417074088, 0.9285915757803685, 0.751045975930801, 0.26420881910492666], rec: [0.9943946450722025, 0.9939265569780232, 0.993025487396728, 0.99094249537763, 0.9873265148500948, 0.9806796639127484, 0.9666370210873686, 0.9246144124324198, 0.7478292414632434, 0.26307721113113486]
ap: [0.997313018500011, 0.9973136477886484, 0.996807048766831, 0.9931679918629347, 0.9875969403440328, 0.9778975220606049, 0.9507678682523962, 0.8696198358853653, 0.5748054796884958, 0.07626622700707131]
map50: 0.997313018500011, map50_95: 0.8421555580156392
rss: 0.14703338709090705
第70次
train_loss为11.263155507602786
pre: [0.9994749591303413, 0.9992959679247759, 0.9989141200195697, 0.998472608379175, 0.9975418541102348, 0.9957161438134673, 0.9923869073899503, 0.9826139875660775, 0.9386895457203203, 0.6440700213596172], rec: [0.9982361423957476, 0.9980573730439654, 0.9976759984268297, 0.9972350340257666, 0.9963054333964985, 0.9944819860083187, 0.9911568760651673, 0.9813960694578522, 0.9375260705304682, 0.6432717174967524]
ap: [0.9995176073323686, 0.9995176073323686, 0.9995176073323687, 0.9995176073323685, 0.9975989112743553, 0.9937101632394616, 0.9878637029022133, 0.97060475416559, 0.8979791420561831, 0.45221092252404205]
map50: 0.9995176073323686, map50_95: 0.929803802549132
rss: 0.038339452399787845
第71次
train_loss为11.205032352845201
pre: [0.9993614379471413, 0.9989830308047064, 0.9983681191982499, 0.9973866256725595, 0.9950807071483474, 0.9901377638502927, 0.9737480044935848, 0.8315023946076983, 0.4010997457577012, 0.07027730148406551], rec: [0.9964039803810602, 0.9960266930767779, 0.9954136012073194, 0.9944350122618374, 0.9921359177513677, 0.9872076023391813, 0.970866345972458, 0.8290416902471232, 0.39991275231088474, 0.07006932654216186]
ap: [0.9947786972266387, 0.9943062386165034, 0.9943072734475997, 0.9928735894273272, 0.987340534819356, 0.9778774722697327, 0.9469111681428837, 0.7003906923335269, 0.17809941400182402, 0.0073011943861689705]
map50: 0.9947786972266387, map50_95: 0.7774186274671562
rss: 0.09071502697816804
第72次
train_loss为11.227235726008823
pre: [0.999645699978742, 0.9993858799631528, 0.9991614899496895, 0.9987245199234712, 0.9978505798710348, 0.9965514797930888, 0.9935871696152302, 0.9847532890851973, 0.9150624749037485, 0.1094787065687224], rec: [0.9975016498538701, 0.9972423871028566, 0.997018478363345, 0.9965824455548223, 0.9957103799377769, 0.9944140661827096, 0.9914561138870557, 0.9826411803525973, 0.9130998397284812, 0.10924389554068069]
ap: [0.9974544894218879, 0.996946466235519, 0.996946466235519, 0.9964372512593878, 0.9949627158498049, 0.9924801993279534, 0.9880547979464719, 0.9707614450269881, 0.8392452945928551, 0.013834870316444987]
map50: 0.9974544894218879, map50_95: 0.8787123996212832
rss: 0.05505217731798399
第73次
train_loss为11.241852503032641
pre: [0.9991377681186809, 0.9984527071718794, 0.9971298308608145, 0.9951455163942171, 0.9918265142209204, 0.9849522819616365, 0.9716762732684494, 0.9406241141453274, 0.8043560427100066, 0.08467589530378909], rec: [0.9972531359049326, 0.9965693671602377, 0.9952489861359992, 0.9932684145996417, 0.9899556729227577, 0.983094407243233, 0.9698434405356975, 0.938849853814958, 0.8028388192021126, 0.08451617466754692]
ap: [0.9976267612215534, 0.9948090924575479, 0.993363918220673, 0.9901604353505559, 0.9836661690758866, 0.9729978714979668, 0.9479646026209594, 0.8897264578398182, 0.6607483021803856, 0.009467141609992888]
map50: 0.9976267612215534, map50_95: 0.8440530752075339
rss: 0.12028403646553952
第74次
train_loss为11.240068368211816
pre: [0.9992480319586418, 0.9988250499353778, 0.9977323463752791, 0.995723181764775, 0.9918575960521678, 0.9845024086476325, 0.9646340030548701, 0.8619786159088239, 0.5056397603101869, 0.16674891317119023], rec: [0.9980402051330196, 0.9976177343832514, 0.9965263516130168, 0.9945196155516177, 0.9906587023106803, 0.983312405384155, 0.963468015443653, 0.860936711534625, 0.5050285754521023, 0.16654735779751917]
ap: [0.9972429989626403, 0.9972428987093941, 0.9963377592682565, 0.9949131813682149, 0.9869084045181107, 0.9743840200148651, 0.9362660276814101, 0.7664800044162965, 0.2765960309900092, 0.033598911084704704]
map50: 0.9972429989626403, map50_95: 0.7959970237013902
rss: 0.11842505263897181
第75次
train_loss为11.220579555155412
pre: [0.9978227865977805, 0.996422308787704, 0.9940685645690883, 0.9898906685810454, 0.9816996387002624, 0.9655411846394653, 0.9205964387849972, 0.7834555318873498, 0.4856245071848042, 0.0925492226759718], rec: [0.9929265721981496, 0.9915329663895069, 0.9891907717531326, 0.9850333762735684, 0.9768825389389858, 0.9608033727602764, 0.9160791661787094, 0.7796111956903619, 0.483241597376742, 0.09209509310223679]
ap: [0.9934074836936169, 0.9925065913547553, 0.9878720846544787, 0.9815420788623793, 0.9667317681458233, 0.9390943608965575, 0.8581996325008439, 0.6510549577824558, 0.2641005613510756, 0.009659246948289582]
map50: 0.9934074836936169, map50_95: 0.7644168766190276
rss: 0.25404033821067057
第76次
train_loss为11.256861604277669
pre: [0.9995161271287456, 0.9991856773630109, 0.9983949582807171, 0.9971203663271688, 0.9943705522051621, 0.9871832698004319, 0.9665065558873166, 0.8957430989106959, 0.6715683381917317, 0.2558507311201067], rec: [0.9952290300594608, 0.9948999976497686, 0.9941126700980046, 0.9928435450891913, 0.9901055253942513, 0.9829490704834426, 0.9623610425626924, 0.8919011022585724, 0.6686878657547769, 0.25475334320430565]
ap: [0.9944909228551919, 0.9940327591016073, 0.9931183776909838, 0.9903742729566286, 0.9853566537204329, 0.9744060115134432, 0.9387701419584439, 0.8188879588275182, 0.48581778753570404, 0.07577862928527977]
map50: 0.9944909228551919, map50_95: 0.8251033515445233
rss: 0.09282610284463493
第77次
train_loss为11.222115372140484
pre: [0.9994252940969494, 0.9992259063346665, 0.9989444177290907, 0.9983814405179391, 0.9970795557171509, 0.9950153059429282, 0.9912269384595536, 0.9809526043560362, 0.9109323137190509, 0.39489332754717865], rec: [0.9966432355933987, 0.996444402858513, 0.9961636978210271, 0.9956022877460555, 0.9943040269476836, 0.9922455233394543, 0.9884677013766243, 0.978221967508392, 0.9083965894337945, 0.39379407946291767]
ap: [0.996147573041102, 0.996147573041102, 0.9961471967531939, 0.9956676541045637, 0.9947538961817712, 0.9904313839453068, 0.9836517343122301, 0.9653396313456902, 0.83928320858585, 0.17072397539100662]
map50: 0.996147573041102, map50_95: 0.8928293826701816
rss: 0.11969810999631589
第78次
train_loss为11.244174068325876
pre: [0.9993903725761448, 0.9990738352599123, 0.9982766301671786, 0.9972684001969565, 0.9955684775727449, 0.9920045018640531, 0.9844193298787779, 0.9606321367441206, 0.8673356936856668, 0.4194705620295904], rec: [0.9943659671756349, 0.9940510212413536, 0.993257824073534, 0.992254662949527, 0.9905632866357942, 0.9870172287090716, 0.9794701909505535, 0.9558025872225268, 0.8629751892591772, 0.4173616862438615]
ap: [0.9948089159670995, 0.9943378988192023, 0.9929238696979514, 0.9915344927233274, 0.9892237245793336, 0.9841509945306355, 0.9676519200289091, 0.9216464147227094, 0.7773351198110228, 0.19422096979627496]
map50: 0.9948089159670995, map50_95: 0.8807834320676466
rss: 0.15310564268853696
第79次
train_loss为11.246045933133695
pre: [0.999611522478722, 0.9992701331418414, 0.998975831989358, 0.9981282446702061, 0.9968333195992796, 0.994690807209201, 0.9888989605283294, 0.9657551178970417, 0.7165291299280728, 0.09762557830176463], rec: [0.9985183443085607, 0.9981773283160865, 0.9978833490122295, 0.9970366886171214, 0.9957431796801505, 0.9936030103480715, 0.9878174976481656, 0.9646989651928505, 0.7157455315145814, 0.09751881467544685]
ap: [0.9995414947271893, 0.9995414947271893, 0.9990825417330389, 0.997708420153254, 0.9958649894337286, 0.9926455577006453, 0.9851433510799295, 0.9456052027620884, 0.5437604890583142, 0.011862077766320046]
map50: 0.9995414947271893, map50_95: 0.8470755619141699
rss: 0.11640303037168999
第80次
train_loss为11.217942307669118
pre: [0.9996906382371139, 0.9995954500023797, 0.9993574794155442, 0.9985721764789872, 0.9972633382513921, 0.9949074294417211, 0.9872090809575936, 0.8581814287754034, 0.3720194183998858, 0.05767217171957546], rec: [0.997814778746348, 0.9977197691266241, 0.9974822450773141, 0.9966984157145911, 0.9953920334433861, 0.9930405453552172, 0.985356642360039, 0.8565711028241609, 0.37132134628631147, 0.05756395335027672]
ap: [0.9972067039106145, 0.9972067039106143, 0.9962765026219189, 0.9962779768996418, 0.9934623772018188, 0.9892486420458179, 0.9767814139277422, 0.7488225751098159, 0.15638062013725468, 0.004770525736656582]
map50: 0.9972067039106145, map50_95: 0.7856434041501895
rss: 0.1521847274550631
第81次
train_loss为11.248819967461653
pre: [0.9994225851686876, 0.9991515537172553, 0.998786250456629, 0.998173483696869, 0.9971600617480351, 0.9950978659219194, 0.9911148819834789, 0.9823711716807485, 0.9380280694311874, 0.5367836815498286], rec: [0.9979878328606898, 0.9977171904969229, 0.9973524116588024, 0.9967405245755033, 0.9957285574762011, 0.993669322099714, 0.9896920560582705, 0.9809608980619653, 0.9366814539378464, 0.5360130849699352]
ap: [0.9990171990171989, 0.999017199017199, 0.999017199017199, 0.9970765226656397, 0.9966075457417919, 0.9937147298006194, 0.9913591261681644, 0.9762045866445049, 0.9051913827222691, 0.312887987745903]
map50: 0.9990171990171989, map50_95: 0.9170093478540489
rss: 0.06799912710861733
第82次
train_loss为11.258858192619343
pre: [0.9922296568098424, 0.9888481185696812, 0.9835719596134015, 0.9739669520589012, 0.9555723433340528, 0.9191788378060772, 0.8406360169796389, 0.6272633522795404, 0.2221742571408015, 0.029066839340959782], rec: [0.9732533521524347, 0.9699364855328159, 0.9647612326511409, 0.9553399200188191, 0.9372971065631616, 0.9015996236179722, 0.8245589273112209, 0.6152669960009409, 0.21792519407198307, 0.028510938602681724]
ap: [0.972944038610774, 0.9677226384277388, 0.9590843567868763, 0.9435817596888051, 0.9152217344699397, 0.8480447959062504, 0.7167266257432344, 0.41704141868712524, 0.05645284456608359, 0.0011846696385037169]
map50: 0.972944038610774, map50_95: 0.6798004882525331
rss: 0.5747722874928431
第83次
train_loss为11.237760895100505
pre: [0.9994164945325538, 0.9990430510333882, 0.9985645765500822, 0.9977126585676108, 0.9965339775233694, 0.9944917083873076, 0.9904655206619286, 0.9806626288088319, 0.949083312910642, 0.6956552182893954], rec: [0.9982166169339799, 0.9978436217829169, 0.9973657217456173, 0.9965148265572548, 0.9953375606117121, 0.9932977433793361, 0.9892763894069377, 0.979485266691533, 0.9479438642297651, 0.6948200298396121]
ap: [0.9976491166313688, 0.9976491166313687, 0.9967108591290118, 0.9953295603973146, 0.9944153168449, 0.9906053268610899, 0.9826373711151766, 0.9625404531350891, 0.9021447100761983, 0.4991866571504335]
map50: 0.9976491166313688, map50_95: 0.9318868487971951
rss: 0.06894519789987892
第84次
train_loss为11.232563170838581
pre: [0.9993796743875748, 0.9991455892508105, 0.9986540104636056, 0.997682557146034, 0.9962078207844193, 0.9930827842086166, 0.9862943152424537, 0.9653085827315394, 0.8426713795807536, 0.24464237643230843], rec: [0.9958828537771609, 0.9956495877022126, 0.995159728944821, 0.9941916747337851, 0.9927220984616102, 0.9896079963610492, 0.982843280187546, 0.9619309765684227, 0.8397228799029613, 0.24378637492856225]
ap: [0.9964753272910373, 0.9959712696072296, 0.9954668688725548, 0.9944883215786845, 0.9930686102949053, 0.9858673862019914, 0.9733277639964697, 0.9375672649747032, 0.7175438186729203, 0.06361595544845033]
map50: 0.9964753272910373, map50_95: 0.8653392586938946
rss: 0.06385869402854114
第85次
train_loss为11.220223979147463
pre: [0.999381650177338, 0.9990783087549001, 0.9985066268433825, 0.997164924397984, 0.9949948665297741, 0.9905380810154938, 0.976596042561135, 0.9059758260220273, 0.6629876796714579, 0.23394623856636176], rec: [0.9975544142822206, 0.9972516274790669, 0.9966809908115851, 0.995341741489944, 0.993175651282768, 0.9887270144056645, 0.9748104671068721, 0.9043193702034494, 0.6617754952311079, 0.23351849910910805]
ap: [0.9959725608014538, 0.9959725608014538, 0.9959725427504932, 0.9932865279175573, 0.9896248713309563, 0.9834332698433285, 0.963444602561011, 0.8396453906392541, 0.46899534789222086, 0.0638463344576838]
map50: 0.9959725608014538, map50_95: 0.8290194008995412
rss: 0.14894251854246277
第86次
train_loss为11.238589551712261
pre: [0.9994015980851139, 0.9990730637004706, 0.9987093292031868, 0.9980287936921398, 0.9966559892991658, 0.9938869137714574, 0.9748905863165429, 0.6595210438006734, 0.30647564738873834, 0.06712661480516738], rec: [0.9984877791454194, 0.9981595451614794, 0.9977961432506887, 0.9971162299982416, 0.9957446808510638, 0.9929781372721411, 0.9739991794150401, 0.6589180001172265, 0.3061954164468671, 0.06706523650430807]
ap: [0.9981910675141469, 0.9972876837942745, 0.9963865739977535, 0.9954850972956899, 0.992748456800522, 0.9877406698178517, 0.9608521021279272, 0.4685544187433809, 0.09988505722370428, 0.005716830235535368]
map50: 0.9981910675141469, map50_95: 0.7502847957550787
rss: 0.13634124218692423
第87次
train_loss为11.229667721630022
pre: [0.999693161031451, 0.9995161385495958, 0.9991974980822564, 0.9987608426270136, 0.9975924942467693, 0.9953502094766036, 0.9892960405971558, 0.9668023839027556, 0.8534843925178498, 0.44569540331622115], rec: [0.9977150395156826, 0.9975383673132869, 0.9972203573489747, 0.9967845659163987, 0.9956185293805873, 0.9933806814835754, 0.9873384921616433, 0.9648893443105662, 0.8517955784836814, 0.4448134930450043]
ap: [0.9981123171307221, 0.9971695778887845, 0.9971688266549853, 0.9966974210590399, 0.9953083726548427, 0.9925050226466328, 0.9839344384701255, 0.9438853883605364, 0.7435224909257837, 0.22424956350535047]
map50: 0.9981123171307221, map50_95: 0.8872553419296804
rss: 0.040133694983365865
第88次
train_loss为11.213567500774001
pre: [0.9996013974536332, 0.9993434781589252, 0.9988862575910338, 0.9984055898145325, 0.9971863349668222, 0.9947829960843162, 0.988077094421909, 0.9634809725902131, 0.7733358343689184, 0.24233862458674293], rec: [0.9982438476128035, 0.9979862785960147, 0.9975296789753436, 0.9970496639895099, 0.9958320650010537, 0.9934319900718852, 0.9867351956353759, 0.9621724775797879, 0.7722855737935234, 0.24200950663825602]
ap: [0.9977245224130822, 0.9977245224130823, 0.9977243967922415, 0.9972775570920491, 0.9954127291183581, 0.9908197772760814, 0.9798856961307266, 0.9309455252193601, 0.6238181029685091, 0.06258215622619333]
map50: 0.9977245224130822, map50_95: 0.8573914985649683
rss: 0.0552019107399788
第89次
train_loss为11.240370104840379
pre: [0.999456271202468, 0.99914894622995, 0.9984870155199111, 0.9975886809848583, 0.9960993368872708, 0.9926596612333187, 0.9867613857992222, 0.9706150045507737, 0.9129324712473847, 0.545241782012033], rec: [0.9940396416731325, 0.9937339822717547, 0.9930756389457102, 0.9921821730032212, 0.990700900519621, 0.9872798664503538, 0.9814135571700642, 0.9653546824669065, 0.9079847640544544, 0.5422868025675389]
ap: [0.9945155393053017, 0.9931453532638876, 0.9922319272220692, 0.9908628619607232, 0.9876289259842699, 0.9838770185552603, 0.9750060290954556, 0.9426116304232185, 0.8435197204171454, 0.3099093388752969]
map50: 0.9945155393053017, map50_95: 0.9013308345102627
rss: 0.13659056654301877
第90次
train_loss为11.234971092704937
pre: [0.9996831357821852, 0.9993780072761413, 0.9990494073465556, 0.9984626217580096, 0.997253843445605, 0.9950944724797559, 0.9906935805656613, 0.9785119117474474, 0.9163947893439737, 0.33219105738763055], rec: [0.9973772641586756, 0.9970728394628074, 0.9967449974826419, 0.9961595653752034, 0.9949535752338802, 0.9927991850785064, 0.9884084442727177, 0.9762548737222945, 0.9142810308288548, 0.3314248246630838]
ap: [0.9995475113122171, 0.9981892808300316, 0.9977368434747222, 0.9972834660386106, 0.9959047501367354, 0.9936143450698598, 0.985317109690286, 0.9585668864514798, 0.8439029937743359, 0.11992332045306495]
map50: 0.9995475113122171, map50_95: 0.8889986507231343
rss: 0.07565396515377855
第91次
train_loss为11.232556249567404
pre: [0.9995405386300983, 0.9992695742324639, 0.9989161424094626, 0.9982328408849933, 0.9971136401121558, 0.9955231969086497, 0.9918475059494357, 0.9824580005183666, 0.9419782757239462, 0.6425861784595085], rec: [0.9980237851572149, 0.9977532319346908, 0.9974003364270506, 0.9967180717789462, 0.9956005693380856, 0.9940125395537048, 0.9903424262742468, 0.9809671689546059, 0.9405488701462164, 0.6416110856242133]
ap: [0.99859616284511, 0.99859616284511, 0.99859616284511, 0.9981281598470229, 0.9962065029842929, 0.9933925578923021, 0.9864421662813395, 0.9754109254071858, 0.91255993498756, 0.4394694131605885]
map50: 0.99859616284511, map50_95: 0.9297398149095623
rss: 0.057179291849391814
第92次
train_loss为11.246483703031723
pre: [0.9994304974430498, 0.9990353324035333, 0.9984658298465829, 0.9975708972570897, 0.9961413296141329, 0.9923872617387262, 0.9828684332868434, 0.9343677359367736, 0.5990120874012087, 0.06016968851696885], rec: [0.9971358333913124, 0.9967415756395093, 0.9961733806442635, 0.9952805027945917, 0.9938542173983627, 0.9901087687562328, 0.9806117952642687, 0.9322224541385468, 0.597636772652427, 0.06003154062014425]
ap: [0.9980629539951573, 0.9966107222318115, 0.996126684152375, 0.9952120362864365, 0.9942189173411249, 0.9890788266684912, 0.9686419849313602, 0.8857911985279923, 0.3697724440707431, 0.004763779905954444]
map50: 0.9980629539951573, map50_95: 0.8198279548111447
rss: 0.13888255177909034
第93次
train_loss为11.214042864518543
pre: [0.9996349462428903, 0.9993994276899163, 0.9989990461498605, 0.9985162331162637, 0.9977390218914495, 0.9960550642376853, 0.9930639786149154, 0.9824891955863824, 0.8996455445777741, 0.39279784265005474], rec: [0.9984356805965585, 0.998200444596041, 0.9978005433951612, 0.9973183095941003, 0.9965420307923925, 0.9948600933886922, 0.9918725961821198, 0.9813104997588831, 0.8985662365768458, 0.3923266016631185]
ap: [0.9980591945657447, 0.9980591945657447, 0.9980591945657445, 0.9980591945657449, 0.9956589680112036, 0.991710176227255, 0.9846276289932582, 0.9652830476070516, 0.8190419612717454, 0.16409376858494384]
map50: 0.9980591945657447, map50_95: 0.8912652328958437
rss: 0.04699368458250937
第94次
train_loss为11.234236363002017
pre: [0.9985631176841663, 0.9981075208523166, 0.9973014649190439, 0.9956192612322142, 0.9920796243078432, 0.985806406392374, 0.9723370949276886, 0.9396509427349828, 0.8402957874816009, 0.3419663091983832], rec: [0.9939765340651419, 0.9935230298731351, 0.9927206763026617, 0.9910461992860216, 0.987522820563508, 0.9812784166889542, 0.9678709722432178, 0.935334953544891, 0.8364361547495843, 0.3403955951951812]
ap: [0.9956331877729258, 0.9951476541170876, 0.9937443916162592, 0.990379620540122, 0.9830375873671403, 0.9738528519877857, 0.9484169640106344, 0.891092160904164, 0.7317064647002729, 0.12536148043525605]
map50: 0.9956331877729258, map50_95: 0.8628372363451648
rss: 0.1459494087230544
第95次
train_loss为11.257926931438499
pre: [0.999586317755242, 0.9993853863792166, 0.9989480651490438, 0.998227076093894, 0.9968323759544241, 0.993759307850507, 0.9844337281043898, 0.9486443041864643, 0.7605134387632083, 0.12443561922322294], rec: [0.9982766150831592, 0.9980759469764038, 0.9976391987440537, 0.9969191543609901, 0.9955262816199818, 0.9924572399872517, 0.9831438790325436, 0.9474013480175172, 0.7595169800630334, 0.12427257811301155]
ap: [0.9990610040341567, 0.9990610040341567, 0.997655986542299, 0.9958197561059146, 0.9934979459453566, 0.9891582213263066, 0.9699828825989212, 0.9090337617367317, 0.600789832704551, 0.01836262999280922]
map50: 0.9990610040341567, map50_95: 0.8472423025021204
rss: 0.115039085722455
第96次
train_loss为11.225967073868308
pre: [0.9994256443918278, 0.9992146566173972, 0.9988864534127273, 0.9984175916917704, 0.9974212605347368, 0.9959912322858181, 0.9925216555507367, 0.9855473374515021, 0.9635108365665256, 0.7430520553725692], rec: [0.9981269900730474, 0.9979162764562652, 0.9975884997190485, 0.9971202472373104, 0.9961252107136168, 0.9946970406443154, 0.991231972279453, 0.9842667166135981, 0.9622588499719048, 0.7420865330586253]
ap: [0.9990412272291466, 0.9990412272291468, 0.9990412272291468, 0.9990412272291467, 0.9971556309999247, 0.9932757447122289, 0.9872286115739983, 0.9715627542023754, 0.9323291562127859, 0.564819285648656]
map50: 0.9990412272291466, map50_95: 0.9442536092266556
rss: 0.056607536818466045
第97次
train_loss为11.252497417808325
pre: [0.9996347914187764, 0.9994109539012523, 0.9990693071639787, 0.9986923176607801, 0.9978205294346335, 0.9964303806415891, 0.9935204929137754, 0.986499063416703, 0.9594147237962843, 0.73247882379275], rec: [0.9980944315053991, 0.9978709389041804, 0.99752981861811, 0.9971534100265839, 0.9962829651586798, 0.9948949584774273, 0.9919895546615851, 0.9849789446444115, 0.9579363398969581, 0.7313501305667301]
ap: [0.9971070395371263, 0.9971070395371263, 0.9966250625711414, 0.9966250625711414, 0.9961453920485116, 0.9942275468939349, 0.985175583162746, 0.9740468712797864, 0.9288218305616798, 0.5640051629443286]
map50: 0.9971070395371263, map50_95: 0.9429886591107521
rss: 0.04204725003355067
第98次
train_loss为11.228647677731553
pre: [0.9993750147402184, 0.9990566260229712, 0.9984316407631896, 0.9973585528643193, 0.9955425579585387, 0.9925473455814722, 0.9870521921652792, 0.9741515530294097, 0.9233980330652579, 0.36915402938609937], rec: [0.997023599444719, 0.996705959859768, 0.9960824451189384, 0.995011882073363, 0.9932001599962353, 0.9902119950118821, 0.9847297710642102, 0.9718594856591609, 0.9212253829321663, 0.36828545210700925]
ap: [0.9960207459705286, 0.9960207459705286, 0.9938197077247635, 0.9924561864419419, 0.9884157030050222, 0.9811540034307772, 0.9740414391011795, 0.9563592404210789, 0.8627026002352006, 0.15055118141430546]
map50: 0.9960207459705286, map50_95: 0.8891541553715326
rss: 0.10270392459289923
第99次
train_loss为11.22875751615141
pre: [0.9995372238175475, 0.9992405724185395, 0.9986947338443648, 0.9977217172556185, 0.9960842015330944, 0.9932363481026176, 0.9844436006360207, 0.9480504070057194, 0.7955834539715689, 0.3083157320169922], rec: [0.9959681233446841, 0.9956725312145289, 0.9951286416950436, 0.9941590995081347, 0.9925274309496784, 0.9896897465001891, 0.9809283957623912, 0.9446651532349603, 0.7927426220204313, 0.30721481271282636]
ap: [0.9952175992348159, 0.994740471171338, 0.994739452594962, 0.9937859474150719, 0.990842021192193, 0.9860968682629215, 0.9666986101538668, 0.8998858042533949, 0.6462477230510835, 0.1129301546570035]
map50: 0.9952175992348159, map50_95: 0.8581184651986652
rss: 0.2538477086619177
第100次
train_loss为11.223936110465667
pre: [0.9995305439821607, 0.9992371339710111, 0.9988850419576316, 0.9981573851299806, 0.9971128454902881, 0.9953054398216067, 0.9915263188780001, 0.9828648553488645, 0.9504489173170588, 0.6196467343465759], rec: [0.9965830768690687, 0.9962905320804615, 0.995939478334133, 0.9952139672583873, 0.9941725078109459, 0.9923704319131259, 0.988602455035866, 0.9799665328761833, 0.947646184630867, 0.6178194881636379]
ap: [0.9954225263856735, 0.9949648680367316, 0.9949644617650678, 0.9945073197587043, 0.9904232229089495, 0.9879727890386683, 0.980063655369565, 0.9651889900983913, 0.9044091187817705, 0.3989810413032877]
map50: 0.9954225263856735, map50_95: 0.9206897993446809
rss: 0.05290332145912212
最好的测试结果
best_pre: [0.9994256443918278, 0.9992146566173972, 0.9988864534127273, 0.9984175916917704, 0.9974212605347368, 0.9959912322858181, 0.9925216555507367, 0.9855473374515021, 0.9635108365665256, 0.7430520553725692], best_rec50: [0.9981269900730474, 0.9979162764562652, 0.9975884997190485, 0.9971202472373104, 0.9961252107136168, 0.9946970406443154, 0.991231972279453, 0.9842667166135981, 0.9622588499719048, 0.7420865330586253]
best_ap: [0.9990412272291466, 0.9990412272291468, 0.9990412272291468, 0.9990412272291467, 0.9971556309999247, 0.9932757447122289, 0.9872286115739983, 0.9715627542023754, 0.9323291562127859, 0.564819285648656]
best_map50: 0.9990412272291466, best_map50_95: 0.9442536092266556
best_rss: 0.056607536818466045
验证结果为
pre: [0.9996058884896256, 0.9993508751593834, 0.999003129709053, 0.9986553842587226, 0.9976353309377536, 0.9959893358061899, 0.9929987249333488, 0.9851164947258607, 0.9619102816738148, 0.7450562188478034], rec: [0.9985410249878419, 0.9982862833190523, 0.9979389083161576, 0.9975915333132628, 0.9965725666381047, 0.9949283249577361, 0.9919408999328408, 0.9840670665338922, 0.9608855746740464, 0.7442625228688543]
ap: [0.9995448338643604, 0.9990891783027687, 0.9990891783027687, 0.9990891783027686, 0.9990894009131106, 0.9968157024855058, 0.9905632886985275, 0.9769464947825081, 0.9317157280195566, 0.5739181276942862]
map50: 0.9995448338643604, map50_95: 0.9465861111366161
rss: 0.058661882314859165
