第1次
train_loss为12.037501236796794
pre: [0.9930616924216007, 0.9904463923188994, 0.9860397907759918, 0.9754114022307674, 0.9516945711624352, 0.9033533162960663, 0.7947526809811555, 0.5698249301392438, 0.2366189782416585, 0.022033007714538203], rec: [0.9793084768118332, 0.9767293968014698, 0.9723838236333231, 0.961902630897143, 0.9385142614880938, 0.890842499470052, 0.7837459076241845, 0.5619332501118779, 0.23334196952210473, 0.021727865840732975]
ap: [0.9844659621025904, 0.9808209695063401, 0.9711655431034122, 0.9528230945554961, 0.9100404204675494, 0.8178435479523435, 0.6442231136874884, 0.3391585933058383, 0.06325958255697946, 0.0008755084787464407]
map50: 0.9844659621025904, map50_95: 0.6664676335716784
rss: 0.28749740919330036
第2次
train_loss为11.498278984353792
pre: [0.9964327194292351, 0.9949868449121809, 0.9925810045272464, 0.9887529924861931, 0.9809666026689421, 0.9643390457228187, 0.9281210742136576, 0.8315556187631847, 0.5296522790300789, 0.08789020834814762], rec: [0.9840933564305445, 0.9826653869563182, 0.9802893393885481, 0.9765087316821949, 0.9688187649234514, 0.9523971159698488, 0.9166276511072615, 0.8212580176974578, 0.5230933096118732, 0.0868018165644459]
ap: [0.9855012276316607, 0.9826415266494849, 0.9791169377967119, 0.9740996289668721, 0.959713737466936, 0.9353500219040868, 0.8721615298896417, 0.7029268552914306, 0.3021960671944022, 0.009352467486048439]
map50: 0.9855012276316607, map50_95: 0.7703060000277275
rss: 0.17886610807774986
第3次
train_loss为11.395325483294016
pre: [0.9981249336651061, 0.9970517824923052, 0.9956366380886116, 0.9930068280717478, 0.9875821078575893, 0.9774284467610882, 0.9534889205986061, 0.8818354422915905, 0.5061853603311438, 0.07609939030861941], rec: [0.9890158685643506, 0.9879525111594101, 0.9865502816144336, 0.983944471710019, 0.9785692584542757, 0.9685082614690691, 0.9447872116665498, 0.8737876557059058, 0.5015658229918905, 0.07540489378111197]
ap: [0.9907975358038815, 0.9889485974245567, 0.9861834845085968, 0.9783248953275928, 0.969416478258891, 0.9522629209341863, 0.9072413945144036, 0.7885989219092518, 0.26620308927808545, 0.006230350838896087]
map50: 0.9907975358038815, map50_95: 0.7834207668798342
rss: 0.11746691616561357
第4次
train_loss为11.329883618525805
pre: [0.9982141808141926, 0.9975679962403806, 0.996240380661458, 0.9945015567173824, 0.9909181695353345, 0.9841038594842272, 0.9696880690830053, 0.9341949127650825, 0.7943135757504552, 0.34194912765082536], rec: [0.9898063794589809, 0.9891656375964025, 0.9878492043151051, 0.9861250262121671, 0.982571821337869, 0.9758149071506792, 0.9615205386891587, 0.9263263356555371, 0.7876231971853958, 0.33906894382441344]
ap: [0.9919542193716355, 0.9914713525887427, 0.9896227617357451, 0.9869036390346316, 0.9844006664449997, 0.9703653349594072, 0.9444035819517624, 0.8777125576854841, 0.6393716430216366, 0.12915886633163978]
map50: 0.9919542193716355, map50_95: 0.8505364623125684
rss: 0.10348240509323774
第5次
train_loss为11.319567562278783
pre: [0.9980512182874632, 0.9972262738815427, 0.9957318093780636, 0.993555869060998, 0.9892159441428947, 0.9801535113937974, 0.9564094593625212, 0.8770115492216829, 0.6384950144664164, 0.22890413906888885], rec: [0.9915077083877711, 0.9906881725538637, 0.9892035061880894, 0.9870418319595221, 0.9827303608333136, 0.9737273439912583, 0.9501389647718365, 0.8712616100909804, 0.6343088581134048, 0.2274033779129154]
ap: [0.9899762372286541, 0.9891313039431862, 0.9881702131630484, 0.9861426632124124, 0.9768082382325934, 0.961526227447849, 0.9170655274324516, 0.7786254095096251, 0.43789359529158955, 0.0626092458133582]
map50: 0.9899762372286541, map50_95: 0.8087948661274768
rss: 0.09770952890401452
第6次
train_loss为11.267221015137046
pre: [0.998839632471346, 0.9981884057971014, 0.9972648479681728, 0.9954769347352468, 0.9931325187079663, 0.9882423984086388, 0.976188784692621, 0.9481623567301317, 0.8109192952543336, 0.29170218812162546], rec: [0.9940140928051281, 0.9933660123017463, 0.992446916315132, 0.9906676407513021, 0.9883345509391276, 0.9834680555228242, 0.9714726745693211, 0.9435816463601442, 0.8070016260928994, 0.29029293238752857]
ap: [0.994510446550305, 0.9940153474835616, 0.9935192915970465, 0.9900730571289, 0.9863204852576515, 0.9779039922593336, 0.9547761272980733, 0.9076303674564352, 0.67159452255376, 0.08881430788360432]
map50: 0.994510446550305, map50_95: 0.8559157945468672
rss: 0.07946546584002902
第7次
train_loss为11.263254470059863
pre: [0.99853749439766, 0.9978652135965843, 0.9967683343948294, 0.9954709503927536, 0.992498761587998, 0.9870497487792796, 0.975668152761069, 0.9482697615172316, 0.8656617837850589, 0.47412308635859696], rec: [0.9931725400028154, 0.9925038712402046, 0.9914128853643658, 0.9901224719628361, 0.9871662521702407, 0.9817465158838159, 0.9704260710431233, 0.943174886209, 0.8610107456243254, 0.471575712073577]
ap: [0.994475138121547, 0.994475138121547, 0.9921256967678128, 0.9902500949058637, 0.9879127445115983, 0.9776301948605798, 0.9605807730385207, 0.9212879834254145, 0.7577757812345458, 0.2438167241483239]
map50: 0.994475138121547, map50_95: 0.8820330269135754
rss: 0.08624073513451164
第8次
train_loss为11.258095333539767
pre: [0.9989194580666612, 0.9982901314461451, 0.9975658121281926, 0.9963190329743401, 0.994454801287151, 0.9905601006922593, 0.9831269221178622, 0.9660994811023903, 0.9114311837277509, 0.5696593324388187], rec: [0.9938332860788205, 0.9932071637841414, 0.9924865324638503, 0.9912461015026935, 0.989391361875059, 0.9855164918249693, 0.9781211605708345, 0.9611804177298932, 0.9067904734902184, 0.5667588129666383]
ap: [0.9925315132981454, 0.9920653068640239, 0.9897483548338126, 0.9882939348225619, 0.9850874163600416, 0.9788475566940292, 0.9648447969891761, 0.9369435998393104, 0.8435645862967981, 0.3281320344976841]
map50: 0.9925315132981454, map50_95: 0.9000059100495583
rss: 0.07715458584185098
第9次
train_loss为11.24418587525582
pre: [0.9990740957783456, 0.9985584022878039, 0.9978434635850074, 0.9967534750709078, 0.9949016666275989, 0.9917840650711423, 0.9847870420290195, 0.968624739223178, 0.9164107733058297, 0.5354304868615363], rec: [0.9931956144336864, 0.9926829552471833, 0.9919722231931677, 0.9908886480944225, 0.9890477355610705, 0.9859484777517564, 0.9789926246985214, 0.9629254197397089, 0.9110186771062719, 0.5322800517319725]
ap: [0.9934548854604954, 0.9920584314390789, 0.9906519426603844, 0.9901839579963889, 0.9864328482996403, 0.9808289421302455, 0.9720658911530953, 0.9518246569314965, 0.8544657706448133, 0.31710486222456263]
map50: 0.9934548854604954, map50_95: 0.9029072188940201
rss: 0.0799274108802814
第10次
train_loss为11.248000619677654
pre: [0.9991445178830919, 0.9986991984249753, 0.997972624572259, 0.9968124501945342, 0.9952186752918014, 0.9918670604228191, 0.9860193128017626, 0.9713120517508086, 0.9247058547789809, 0.637580274691792], rec: [0.9954697771083634, 0.9950260954849557, 0.9943021938888694, 0.9931462865015704, 0.9915583733230586, 0.9882190853153059, 0.982392845050031, 0.9677396756453817, 0.9213048910061065, 0.635235326397889]
ap: [0.9969549067554286, 0.9969554733602591, 0.9965180008112219, 0.9960783065073079, 0.993472490347626, 0.9872569272108986, 0.9737293148057388, 0.9474185571296562, 0.8610212058640002, 0.4266973586494625]
map50: 0.9969549067554286, map50_95: 0.91761025414416
rss: 0.08339621805424202
第11次
train_loss为11.226178701285864
pre: [0.9991673507681482, 0.9987217075172979, 0.9980415151870529, 0.9970798639615339, 0.9952386536882842, 0.9913334115163598, 0.9835111997185411, 0.9620382314999414, 0.8885188225636215, 0.5420429224815293], rec: [0.9937945433973708, 0.993351296497183, 0.9926747617547912, 0.9917182816017543, 0.9898869720404521, 0.9860027294677538, 0.978222579930247, 0.9568650779764613, 0.883741003837585, 0.5391282033336833]
ap: [0.9963427929091131, 0.9949704583686578, 0.9949702510091245, 0.9945138657249151, 0.9908166680383281, 0.9852906610255282, 0.9728494157474108, 0.936679667519911, 0.8041603849192317, 0.31162672052004914]
map50: 0.9963427929091131, map50_95: 0.8982220885782268
rss: 0.0636695887622446
第12次
train_loss为11.24084242092853
pre: [0.9991455492479663, 0.9987475858840054, 0.9981155264235969, 0.9970503891847603, 0.9953531924855153, 0.9925206297184994, 0.9865043600397964, 0.9723532510095394, 0.9223035055890443, 0.6126763036226371], rec: [0.995486827834727, 0.9950903217530234, 0.9944605767997294, 0.9933993399339934, 0.9917083581149635, 0.9888861677687203, 0.9828919287688486, 0.9687926389812126, 0.9189261682351981, 0.6104327747262359]
ap: [0.9962264150943395, 0.9962264150943397, 0.9962264150943397, 0.9952861649673493, 0.9938791399055089, 0.9877690153188383, 0.9811892510005717, 0.9537335216634958, 0.8693410248567115, 0.4008107897100012]
map50: 0.9962264150943395, map50_95: 0.9170688152705496
rss: 0.07155374708365358
第13次
train_loss为11.202023265042168
pre: [0.9991794438974071, 0.9988746659164439, 0.9981596098841844, 0.9972921648614432, 0.9958503305668871, 0.9929549397477376, 0.9870586580391053, 0.9735194823463216, 0.9323627326862662, 0.6830074553383035], rec: [0.9950386981543957, 0.9947351832179587, 0.9940230904824721, 0.9931592402787668, 0.9917233811563919, 0.9888399892602407, 0.9829681426053255, 0.9694850752366833, 0.9284988851662912, 0.6801769725552456]
ap: [0.9975641943907084, 0.9975641943907084, 0.9961408251516317, 0.996139197642451, 0.9932538189466621, 0.9894219791577887, 0.9785998459819696, 0.957907131861115, 0.8864972566415551, 0.48659501528479315]
map50: 0.9975641943907084, map50_95: 0.9279683459449384
rss: 0.059458609936967374
第14次
train_loss为11.206036125169435
pre: [0.9988346097131713, 0.9983589402083433, 0.9977524615896874, 0.9964681539266518, 0.9941373733529943, 0.9896185130571279, 0.9804024164010845, 0.9550611235313704, 0.8222779812586215, 0.23400561290015698], rec: [0.9910211786915226, 0.9905492301339154, 0.9899474957229661, 0.9886732346174267, 0.9863606866851513, 0.9818771753878828, 0.9727331720842428, 0.9475901126777181, 0.8158456728216624, 0.2321750929148723]
ap: [0.9901058785272132, 0.9878671940609913, 0.9865145812256726, 0.9846270942677233, 0.980796781225503, 0.9725239990571555, 0.9560676568035212, 0.9130691566531346, 0.6807810920209281, 0.06426627439635513]
map50: 0.9901058785272132, map50_95: 0.8516619708238198
rss: 0.10982056907017948
第15次
train_loss为11.192687389188016
pre: [0.9976476548928779, 0.996356880911021, 0.9942458019687319, 0.9896014282956959, 0.9782739818567844, 0.9522172360548157, 0.8931311522872032, 0.7672987840185292, 0.529169079328315, 0.16635302065238372], rec: [0.9703956631934666, 0.9691401483150286, 0.9670867361306674, 0.9625692293250727, 0.9515512062329861, 0.9262062329860133, 0.8687341593917206, 0.7463390594198818, 0.514714165023937, 0.16180888012766356]
ap: [0.9680175509907725, 0.9656340362377617, 0.9642187081379495, 0.959136648598762, 0.9392024573840395, 0.8937542482160098, 0.797027979441549, 0.6046115524030796, 0.3041262416862784, 0.03403091759962806]
map50: 0.9680175509907725, map50_95: 0.742976034069583
rss: 0.32803465875869575
第16次
train_loss为11.212064103548432
pre: [0.9993073735369733, 0.9989551905896716, 0.9984621344634492, 0.9978282051583063, 0.9963607762112159, 0.9939307138748342, 0.9888475400021131, 0.9749832713100032, 0.9334374229599802, 0.5481257997487762], rec: [0.9960333711664697, 0.9956823420661572, 0.9951909013257199, 0.9945590489451576, 0.9930964276938559, 0.9906743269017001, 0.985607806887191, 0.9717889613048922, 0.9303792284380376, 0.5463299907562337]
ap: [0.9980937300193241, 0.997617166660122, 0.997617166660122, 0.9966885362959153, 0.995308422014735, 0.9924526902839563, 0.9841978410924916, 0.9667368304925648, 0.8985795859429238, 0.3137361161636777]
map50: 0.9980937300193241, map50_95: 0.9141028085625832
rss: 0.06549773011084999
第17次
train_loss为11.182795236919908
pre: [0.999260294238514, 0.9990372083739388, 0.9984266575866806, 0.9974403832380326, 0.9963014711925701, 0.993612699456375, 0.9889983444680577, 0.9779497234909416, 0.9413519003393254, 0.7272951425988329], rec: [0.9968491947291361, 0.9966266471449488, 0.9960175695461201, 0.9950336749633968, 0.9938975109809663, 0.9912152269399708, 0.9866120058565154, 0.9755900439238653, 0.9390805270863836, 0.7255402635431918]
ap: [0.9978354394377412, 0.9974032614118602, 0.996970029357398, 0.996538132891688, 0.9947189349437364, 0.9907794266440673, 0.9815734625506898, 0.9637870477497097, 0.8976440114532861, 0.5663785191535111]
map50: 0.9978354394377412, map50_95: 0.9383628265593688
rss: 0.053424752980926485
第18次
train_loss为11.139443976203994
pre: [0.9991918327569199, 0.9988234035725746, 0.9982410477650611, 0.9973615716475915, 0.9956145042250508, 0.9927383796246776, 0.9864750834908071, 0.9708703248119228, 0.9232122270949953, 0.6276369427508587], rec: [0.9951233946854471, 0.994756465644789, 0.9941764810321359, 0.993300585902823, 0.9915606320648636, 0.9886962182635971, 0.9824584245724093, 0.9669172042374385, 0.9194531573652127, 0.6250813753920814]
ap: [0.9924955337366421, 0.9924954608777259, 0.9915618148802838, 0.9887392333054215, 0.9859586124751154, 0.9827163590106631, 0.9762397808632416, 0.946060058493089, 0.8652805498923126, 0.40405381759527015]
map50: 0.9924955337366421, map50_95: 0.9125601221129764
rss: 0.058581194293045744
第19次
train_loss为11.155233013580414
pre: [0.9992074944997753, 0.9989354403728324, 0.9984386458801543, 0.9973622578126848, 0.9958718743346502, 0.9928437936173736, 0.9866930046604054, 0.9712923753873814, 0.9205128811714888, 0.36540417780511464], rec: [0.9954748465100932, 0.995203808670854, 0.9947088700078954, 0.9936365029048185, 0.9921516869159429, 0.9891349179226717, 0.9830071059050897, 0.9676640073533744, 0.9170742054466822, 0.364039170859897]
ap: [0.9976604574574213, 0.9976608805373138, 0.9976608591929712, 0.9967249895430742, 0.994345855090985, 0.9878634760816706, 0.9763692588844356, 0.9552630172606199, 0.8538395797820326, 0.14080918810382442]
map50: 0.9976604574574213, map50_95: 0.8898197561934349
rss: 0.07342899971831021
第20次
train_loss为11.181151936051023
pre: [0.9992446773355993, 0.9990912524193929, 0.9986545815040363, 0.9979228626728981, 0.9963650096775717, 0.9940046263513195, 0.9895907095312279, 0.9790752018127744, 0.9495232025680971, 0.7805079544918094], rec: [0.9958012349309027, 0.9956483387239047, 0.9952131725962952, 0.994483975301382, 0.9929314907380182, 0.9905792413995883, 0.9861805351367245, 0.9757012643340194, 0.9462511026168774, 0.7778182887386063]
ap: [0.9968120725671501, 0.9968120725671501, 0.9963596439768806, 0.9940915898946245, 0.9931805156358108, 0.989655434087998, 0.9800178613232442, 0.9628745436367719, 0.9093027883190049, 0.6316496539095657]
map50: 0.9968120725671501, map50_95: 0.9450756175918201
rss: 0.05130854765150795
第21次
train_loss为11.15763515278898
pre: [0.9991548423959623, 0.9988810589467669, 0.9984406247024092, 0.9974764308161127, 0.996024188172555, 0.9931077992572136, 0.9877987810684696, 0.9731454147224073, 0.9225788020188553, 0.4003547281211313], rec: [0.9968764845605701, 0.996603325415677, 0.9961638954869358, 0.9952019002375297, 0.9937529691211402, 0.9908432304038005, 0.9855463182897862, 0.9709263657957244, 0.9204750593824228, 0.3994418052256532]
ap: [0.9966380145242546, 0.9961587993699682, 0.996158245930553, 0.9947207442725602, 0.9928078069211677, 0.9870157636099551, 0.9766102126584056, 0.9534783093110183, 0.8622163435225163, 0.1653391089130362]
map50: 0.9966380145242546, map50_95: 0.8921143349033436
rss: 0.05827403953289736
第22次
train_loss为11.12933161245327
pre: [0.9991245476829695, 0.998762694058597, 0.9983541496439827, 0.9975020427220731, 0.9962997548733512, 0.9942803781954009, 0.9905684603711917, 0.9805649585619236, 0.9499824909536594, 0.6628808217579083], rec: [0.9964145606090591, 0.9960536884625683, 0.9956462521681432, 0.9947964564683422, 0.9935974296590341, 0.9915835302608756, 0.987881680500099, 0.9779053118051756, 0.9474057949082104, 0.6610828492602121]
ap: [0.9981414628399844, 0.9981415132543154, 0.9981418875768121, 0.9976778751120665, 0.9948751540886925, 0.9907350179800919, 0.9852710945097566, 0.9623477049056596, 0.918701860161319, 0.4751161710539107]
map50: 0.9981414628399844, map50_95: 0.9319149741482609
rss: 0.05559080690012838
第23次
train_loss为11.156786377295306
pre: [0.9993300029385837, 0.9989773729062592, 0.9986012342051132, 0.9980135174845725, 0.9969203643843667, 0.9948398471936527, 0.9910549515133705, 0.9817925359976492, 0.9511137231854246, 0.7552394945636204], rec: [0.9969511480100378, 0.9965993573958113, 0.9962241140739698, 0.9956377963835925, 0.9945472454794906, 0.9924716808555548, 0.9886957949295246, 0.9794554281291775, 0.9488496446914796, 0.7534416848425151]
ap: [0.9972347223632423, 0.9963147253609576, 0.9958556269188696, 0.995396876739802, 0.9935821651781628, 0.991178826003389, 0.9829802972421395, 0.963476188603176, 0.9075984777671054, 0.5775258198326534]
map50: 0.9972347223632423, map50_95: 0.9401143726009498
rss: 0.05318223641106552
第24次
train_loss为11.161590983152916
pre: [0.9991633672699849, 0.9988098604826546, 0.9982678167420814, 0.9975490196078431, 0.9958168363499246, 0.9927884615384616, 0.9859304298642534, 0.9608785822021116, 0.8426305618401206, 0.3145856900452489], rec: [0.9958307887443041, 0.9954784610325551, 0.9949382252078733, 0.9942218255273172, 0.9924954197397473, 0.9894771456757645, 0.9826419880678349, 0.9576736975618922, 0.8398200779818669, 0.31353643068539483]
ap: [0.9951647591763025, 0.9951647591763025, 0.9951640663074232, 0.9946986204596334, 0.9920337403508456, 0.9869765335238918, 0.9736326238159347, 0.9312882267789968, 0.7150277226069445, 0.1019477650795384]
map50: 0.9951647591763025, map50_95: 0.8681098817275814
rss: 0.06923495094113677
第25次
train_loss为11.15124603545832
pre: [0.9990673844265004, 0.9986423950512349, 0.9980403267696085, 0.9968952165084761, 0.9952306747886859, 0.9924564385890353, 0.9866836662416772, 0.9712778013882987, 0.922781791566322, 0.6455588610284743], rec: [0.9967727877695723, 0.9963487744838228, 0.9957480889956775, 0.9946056087535187, 0.9929448900509994, 0.9901770255468004, 0.9844175117487015, 0.9690470301402777, 0.9206624029775156, 0.644076181053673]
ap: [0.997189312146383, 0.9971893222341517, 0.9971893222341516, 0.9957736585712735, 0.9924721271587351, 0.9886578505304747, 0.9792018266468185, 0.9515247400719926, 0.8774894401337173, 0.45478546821955806]
map50: 0.997189312146383, map50_95: 0.9231473067947256
rss: 0.07174529157158366
第26次
train_loss为11.15360944158145
pre: [0.9994104816365029, 0.9991628839238342, 0.9986558981312268, 0.9980427990331899, 0.9968519719389259, 0.9945764310558274, 0.9898249130460414, 0.9774686081471438, 0.935459529564346, 0.6781465542651653], rec: [0.9966841863910544, 0.9964372641010265, 0.9959316613166838, 0.9953202346937575, 0.9941326560607664, 0.9918633226333674, 0.9871247663056898, 0.9748021682128706, 0.9329076863381425, 0.6762966359777535]
ap: [0.9966555183946488, 0.9957027316858378, 0.9957032246376246, 0.9947494296933956, 0.9933165208612851, 0.9877950341082107, 0.981496738972978, 0.9591711800929457, 0.8865232076368885, 0.4859180840326136]
map50: 0.9966555183946488, map50_95: 0.9277031670116429
rss: 0.06030457450724448
第27次
train_loss为11.141180180589478
pre: [0.9992819897124428, 0.9989524112197935, 0.9984345021599161, 0.9975281613051308, 0.9960097461068541, 0.9933613475052085, 0.9878055957719788, 0.9736690325694175, 0.9259036924561838, 0.6508586696799558], rec: [0.9958825530517202, 0.9955540957453048, 0.9950379485495091, 0.9941346909568665, 0.9926214412237381, 0.989982052154328, 0.98444520041761, 0.9703567280960034, 0.922753879901932, 0.6486445270801319]
ap: [0.9953422125866058, 0.9948767565442851, 0.9948767565442851, 0.9934646614063072, 0.9915685399629004, 0.9864212273524448, 0.977989405616379, 0.9550515528241188, 0.8697792720886937, 0.4502229623872235]
map50: 0.9953422125866058, map50_95: 0.9209593347313243
rss: 0.06662541733749706
第28次
train_loss为11.169688001784834
pre: [0.9984274330778891, 0.9978993322458368, 0.9968079238595956, 0.9949302320122989, 0.9916442712795296, 0.9861637582002324, 0.9724214009928296, 0.9299386229477414, 0.8079708018917745, 0.2823344403891516], rec: [0.9907997251563464, 0.9902756588677839, 0.989192588538088, 0.98732924173431, 0.9840683848276987, 0.9786297413441718, 0.964992371924022, 0.9228341504885462, 0.8017981296656457, 0.28017748378305984]
ap: [0.9926768940101969, 0.9922205085718315, 0.9903994060146492, 0.9880182235774428, 0.981049570593602, 0.9696319458844624, 0.9408260244737404, 0.8704183453214633, 0.6661364346184496, 0.08783173485307084]
map50: 0.9926768940101969, map50_95: 0.8479209087918909
rss: 0.21789559142973852
第29次
train_loss为11.163559890061059
pre: [0.9993285981836814, 0.9990812396197746, 0.9987043122842975, 0.9980918053641471, 0.9970434762123515, 0.9954533140158074, 0.9918136094326065, 0.9833445233636053, 0.9390673404242789, 0.6907664581787343], rec: [0.9970970888619883, 0.9968502826518739, 0.9964741969983664, 0.9958630578114166, 0.9948170695875985, 0.9932304582368634, 0.9895988811451808, 0.9811487066179322, 0.9369703950074629, 0.6892239707593404]
ap: [0.9976877627057028, 0.9976877627057028, 0.9972266641136168, 0.9953891829748588, 0.9944745368769075, 0.991260169870115, 0.986251140393453, 0.9693318381903356, 0.8946819421963653, 0.4864880317639774]
map50: 0.9976877627057028, map50_95: 0.9310479031791035
rss: 0.049593436465816154
第30次
train_loss为11.146926459311333
pre: [0.9994127250731157, 0.9990955966125982, 0.9986257766710908, 0.9981089747354327, 0.9971223528582671, 0.9950433996170968, 0.9911673850996605, 0.9818297137622006, 0.9493416648069627, 0.6038478253209457], rec: [0.9962183299770524, 0.9959022151454128, 0.9954338968763171, 0.9949187467803119, 0.993935278415211, 0.9918629700744626, 0.9879993443544233, 0.9786915187561467, 0.9463073104481806, 0.6019177633119468]
ap: [0.9945504087193461, 0.9940976641318364, 0.9936449075813354, 0.992738980430498, 0.9913870352811763, 0.9877856045004699, 0.982003924380409, 0.963599950395897, 0.9034570678548551, 0.3688777116484142]
map50: 0.9945504087193461, map50_95: 0.9172143254924237
rss: 0.05506550862651096
第31次
train_loss为11.155296810043845
pre: [0.9993881849093454, 0.9991293400632993, 0.9985998846963867, 0.9979410069064512, 0.9966114856517596, 0.9947289776805148, 0.9907168825667996, 0.9803866200745944, 0.9492546445001353, 0.6868918616827269], rec: [0.9971122354349842, 0.9968539800673811, 0.9963257304518295, 0.9956683531524764, 0.9943418596734244, 0.9924636388181295, 0.9884606806202825, 0.9781539436768522, 0.947092866282414, 0.6853275734560438]
ap: [0.9966346153846154, 0.9966346153846154, 0.9961542769532787, 0.9951943425239127, 0.9927832642147918, 0.9877124022333558, 0.980469348490987, 0.9644519165565217, 0.9122034355573581, 0.4988590236731125]
map50: 0.9966346153846154, map50_95: 0.9321097240972549
rss: 0.05302857847970299
第32次
train_loss为11.169134223318897
pre: [0.9993398795280138, 0.9990687586198767, 0.9985383046691736, 0.9978310327349027, 0.9966168825810711, 0.994719036224111, 0.9907347376610517, 0.9806443247321207, 0.9441844565204578, 0.6247568752725944], rec: [0.9972474150404065, 0.9969768618178824, 0.9964475185564221, 0.9957417275411418, 0.9945301196315771, 0.9926362470739081, 0.9886602910211619, 0.9785910058698286, 0.9422074790321252, 0.6234487301643317]
ap: [0.9978978398509828, 0.9978978398509828, 0.9973722452400242, 0.9968469685400345, 0.9963783520779357, 0.9939157175772146, 0.9900334651658048, 0.9715923197746614, 0.9104273248697997, 0.4126187061838262]
map50: 0.9978978398509828, map50_95: 0.9264980779131268
rss: 0.06541753216206529
第33次
train_loss为11.12802146950914
pre: [0.9994000494076959, 0.9991177197171998, 0.9987765713411837, 0.9981530932746715, 0.9971414118837272, 0.9954827249520628, 0.9917653840271977, 0.981695625066171, 0.9271471761149082, 0.4567153293258202], rec: [0.9959204726624777, 0.9956391259495452, 0.9952991653380849, 0.9946778580136922, 0.9936696989590171, 0.9920167870205383, 0.9883123886335928, 0.9782776892056645, 0.9239191597111507, 0.455125199287255]
ap: [0.9959652398336037, 0.995069390692514, 0.9941767119852851, 0.9937315321119664, 0.9928164855142898, 0.9905213509679449, 0.9841569010067274, 0.9705511467942078, 0.8761254331322874, 0.21650691891569218]
map50: 0.9959652398336037, map50_95: 0.900962111095452
rss: 0.06476555634123894
第34次
train_loss为11.157644933131442
pre: [0.999485560622004, 0.9992400327370513, 0.9987723605752368, 0.9980825441365603, 0.9970302817724775, 0.9954168128142172, 0.9917923535601544, 0.9825558283643167, 0.9471647375189992, 0.6154448731439262], rec: [0.9970840720350844, 0.9968391340860315, 0.9963725856116451, 0.995684426611925, 0.9946346925445554, 0.993025100307922, 0.9894093496314267, 0.9801950172622935, 0.944888961463096, 0.6139661285807595]
ap: [0.9990492153870194, 0.9985733285146395, 0.998573306040598, 0.9980976072730081, 0.997140725106523, 0.9947557688478771, 0.9914215336755934, 0.9742572794670673, 0.9137647026444345, 0.4005799880866833]
map50: 0.9990492153870194, map50_95: 0.9266213455043444
rss: 0.05481322222922035
第35次
train_loss为11.148820221993333
pre: [0.9994309492477861, 0.9992175552157058, 0.9986959253595097, 0.9979846119192423, 0.9967990895187965, 0.9944398999419094, 0.9899941909402378, 0.9777121788716198, 0.9259285604201491, 0.5137224217851596], rec: [0.9949604626460522, 0.9947480231323026, 0.994228726543137, 0.9935205948306385, 0.9923403753098077, 0.9899917384633542, 0.9855659152602384, 0.9733388410244306, 0.9217868523545379, 0.5114245249616428]
ap: [0.9917834702754954, 0.9917834702754954, 0.9913024847731803, 0.988902774690157, 0.9856366881258467, 0.9806519367548565, 0.9735237654391601, 0.9501450340971823, 0.8583084321133712, 0.28019850972846727]
map50: 0.9917834702754954, map50_95: 0.8992236566273212
rss: 0.07148789205006928
第36次
train_loss为11.128647512461955
pre: [0.9994428374982218, 0.9991583289866756, 0.9987078571767272, 0.9980795675470624, 0.9966807340319598, 0.9944402295035326, 0.9894731850727868, 0.9748565602920954, 0.9244392811418275, 0.6024112096353549], rec: [0.9967723629140952, 0.9964886145988509, 0.9960393464330473, 0.9954127355702159, 0.994017639686931, 0.9917831217043815, 0.9868293490340735, 0.9722517793383935, 0.921969213307796, 0.6008015889905653]
ap: [0.995082203262241, 0.9945918478143453, 0.9941019784177494, 0.9931224274582447, 0.9907630772181669, 0.9860142753308033, 0.9759627015561579, 0.9507401838039824, 0.86737533213292, 0.39468364744432816]
map50: 0.995082203262241, map50_95: 0.9142437674438939
rss: 0.0616117081653715
第37次
train_loss为11.154222707030334
pre: [0.9993314645617575, 0.9990617046480806, 0.9986629291235148, 0.9979240215338784, 0.996868439262969, 0.9950035772510292, 0.9913442253785435, 0.9823952334596122, 0.948288197417342, 0.718441022272786], rec: [0.9972261560609075, 0.996956964455004, 0.9965590290375815, 0.9958216781170632, 0.99476831965918, 0.9929073863835863, 0.9892557437295911, 0.9803256048033145, 0.9462904226308213, 0.7169274704181833]
ap: [0.9964158155121653, 0.9964158155121653, 0.9964163323901507, 0.9964163314096752, 0.9950724900326205, 0.992388546574846, 0.986563331418137, 0.9719203647474588, 0.9029855390685337, 0.5310980106466441]
map50: 0.9964158155121653, map50_95: 0.9365692577312397
rss: 0.05003390132115758
第38次
train_loss为11.156418234054692
pre: [0.9992345376607471, 0.9988459183192803, 0.9981511140421122, 0.9969970323613925, 0.994747750718357, 0.9906731358047953, 0.9832775919732442, 0.9624923453766074, 0.8879363135333742, 0.6097201940741439], rec: [0.9962779447679879, 0.9958904752958858, 0.9951977268457637, 0.9940470599286116, 0.9918044335900807, 0.987741874882585, 0.9803682134134887, 0.9596444674055984, 0.8853090362577494, 0.6079161187300395]
ap: [0.9986019487717679, 0.9981353366596433, 0.9976699492493839, 0.9962790339821914, 0.9934993429929295, 0.985191542179887, 0.9719087139613588, 0.9354762930414683, 0.8055800129970031, 0.3963128898928467]
map50: 0.9986019487717679, map50_95: 0.907865506372848
rss: 0.06951125027951646
第39次
train_loss为11.123984293529967
pre: [0.9994120966983351, 0.999176935377669, 0.9987771611325369, 0.9981774997648387, 0.9971192738218417, 0.995002821935848, 0.9905347568431945, 0.9760253033581037, 0.9011264227259901, 0.27263427711410027], rec: [0.9964829187085278, 0.9962484466224296, 0.9958498440760627, 0.9952519402565124, 0.9941968158690708, 0.9920865670941874, 0.9876315974583226, 0.9731646697460667, 0.898485310323806, 0.2718352130178902]
ap: [0.994810848526583, 0.9943404656220869, 0.9943401665276964, 0.9934007303363317, 0.9924597904148997, 0.989188871328335, 0.9838101937502017, 0.9601500026652557, 0.8191421093502469, 0.09075393248626173]
map50: 0.994810848526583, map50_95: 0.8812397111007899
rss: 0.07202468164883048
第40次
train_loss为11.128972642314741
pre: [0.9994409568954473, 0.9991847288058606, 0.9988120334028255, 0.9980666425967553, 0.9970184367757189, 0.9955276551635783, 0.9922316301929863, 0.985127124072629, 0.9624742316068995, 0.827290620887248], rec: [0.9974428417002777, 0.9971871258703056, 0.9968151755721641, 0.9960712749758813, 0.9950251647623586, 0.9935373635697929, 0.9902479281206049, 0.9831576255622843, 0.9605500215033766, 0.8256366742993967]
ap: [0.9977552163380969, 0.9977543879943426, 0.9977543879943425, 0.9973055678628527, 0.9959598960793635, 0.9945339226696925, 0.9866421609033655, 0.9757353115299537, 0.9323220122735422, 0.7027336355948834]
map50: 0.9977552163380969, map50_95: 0.9578496499240435
rss: 0.0462799166043118
第41次
train_loss为11.115023216259068
pre: [0.9993235599407532, 0.9991019675075516, 0.9986821081604329, 0.9981456212168923, 0.9971309611280221, 0.9953232333834832, 0.9906114784880399, 0.978493871219808, 0.9316912167757134, 0.7220297866881261], rec: [0.9976480724673117, 0.9974268515607717, 0.9970076961589065, 0.9964721087009676, 0.9954591498131266, 0.9936544529439846, 0.988950597878608, 0.9768533072525528, 0.9301291231501857, 0.7208192159465344]
ap: [0.9976948211724387, 0.9972343673627637, 0.9953962337296264, 0.9953953934048068, 0.9935574680220596, 0.9907137273568549, 0.9835470254705315, 0.9614530688912827, 0.8808416533003405, 0.5531096233203872]
map50: 0.9976948211724387, map50_95: 0.9348943382031092
rss: 0.04937751617490388
第42次
train_loss为11.11314579872265
pre: [0.999424882629108, 0.999037558685446, 0.9986150234741784, 0.9979694835680751, 0.996924882629108, 0.9951525821596244, 0.9915492957746479, 0.9833215962441314, 0.9561737089201878, 0.7215845070422535], rec: [0.9978437921134353, 0.9974570809163884, 0.9970352141559735, 0.9963906954942287, 0.9953477471143142, 0.9935782504247964, 0.9899806644401477, 0.981765981133181, 0.9546610417765278, 0.7204429600984356]
ap: [0.9976210612288272, 0.9976210612288272, 0.9971455255446418, 0.9971455255446418, 0.9942887765990376, 0.9923604849698456, 0.986160648146495, 0.9748769603529259, 0.9216148207607, 0.5535674923661151]
map50: 0.9976210612288272, map50_95: 0.9412402356742057
rss: 0.047760714547173164
第43次
train_loss为11.134971303834845
pre: [0.9994041731711095, 0.9991658424395534, 0.9986772644398632, 0.9980099383915059, 0.9969374500995031, 0.9952453019054542, 0.991825255907623, 0.9823635258648427, 0.9525006852008532, 0.7254310807107023], rec: [0.9975734795589443, 0.9973355853980564, 0.9968479023682364, 0.9961817987177505, 0.9951112749937553, 0.9934222264514517, 0.9900084452427115, 0.9805640470554651, 0.9507559086962211, 0.7241022469103496]
ap: [0.9970631813492403, 0.9965753898158639, 0.9960864792805503, 0.9946704351295599, 0.9931957632310416, 0.9907956718073011, 0.9831388990470995, 0.96745692112345, 0.9086240319990774, 0.5379887288342152]
map50: 0.9970631813492403, map50_95: 0.9365595501617399
rss: 0.06744289702888395
第44次
train_loss为11.142822784308485
pre: [0.999381808850631, 0.9991135372197728, 0.9986469778617585, 0.9979238108568362, 0.9969207082371054, 0.9950311428371474, 0.991986843026104, 0.9840903258917115, 0.9576364102922994, 0.7562227354375161], rec: [0.9977176659641115, 0.9974498410517368, 0.996984058595433, 0.9962620957881622, 0.995260663507109, 0.9933742445590786, 0.9903350140316965, 0.982451645958755, 0.9560417806863305, 0.7549634942999872]
ap: [0.9978886218886897, 0.9974660488682243, 0.9962006835630085, 0.995324209828526, 0.9935817435611403, 0.9910210196699906, 0.9863107086409696, 0.9715502647294224, 0.9278581765128575, 0.5908797790025538]
map50: 0.9978886218886897, map50_95: 0.9448081256265383
rss: 0.061559056117876446
第45次
train_loss为11.122599203232106
pre: [0.9993073084825359, 0.999002054593484, 0.9982154388024655, 0.9971000880540064, 0.9946345758732023, 0.9905371294393895, 0.981496918109774, 0.9554446727326094, 0.8461520399178163, 0.33102436160845317], rec: [0.9927337617653577, 0.9924305158679247, 0.9916490745168477, 0.9905410606608428, 0.9880917668738847, 0.9840212738660353, 0.9750405299805223, 0.9491596589649984, 0.8405859643802703, 0.32884684915849266]
ap: [0.9967039615014263, 0.996704342932639, 0.9953299617093618, 0.9934020745338725, 0.9891664644925214, 0.9816167389152121, 0.9669781654490318, 0.9213176683801595, 0.7283547561884286, 0.12063429728621006]
map50: 0.9967039615014263, map50_95: 0.8690208431388863
rss: 0.11418256587598648
第46次
train_loss为11.136519990474815
pre: [0.9993706073638938, 0.9991608098185252, 0.9987994918237234, 0.9981934100259916, 0.9972842873293938, 0.9954660419361983, 0.9920976257911116, 0.9833560614007483, 0.9541242700793734, 0.6668881196312225], rec: [0.9973363420648583, 0.9971269715721398, 0.9967663890569023, 0.9961615409668264, 0.9952542688317126, 0.9934397245614851, 0.9900781649839483, 0.9813543944540083, 0.952182105801889, 0.6655306378821011]
ap: [0.9977313974591653, 0.9977313974591654, 0.9972778249233136, 0.9959237304243846, 0.994995028451528, 0.9922462638413055, 0.9887728161366072, 0.9751743285390405, 0.9258144108003378, 0.4723588507697579]
map50: 0.9977313974591653, map50_95: 0.9338026048804606
rss: 0.05242526627616292
第47次
train_loss为11.098597138307417
pre: [0.9994826633431706, 0.9991181761531317, 0.998718416009218, 0.9980247145830149, 0.9966255540793171, 0.9941094167029194, 0.9876779814464263, 0.9638804952322724, 0.7935003703660157, 0.3821236669762848], rec: [0.9956896046852123, 0.9953265007320644, 0.9949282576866765, 0.9942371888726208, 0.9928433382137628, 0.9903367496339678, 0.9839297218155197, 0.9602225475841875, 0.790489019033675, 0.3806734992679356]
ap: [0.9945394915798024, 0.9940836176408009, 0.9931763453871544, 0.9913436187564225, 0.9899599447540804, 0.9854439863161036, 0.9737336158156884, 0.9317144170303642, 0.6566404089086216, 0.1600419276574391]
map50: 0.9945394915798024, map50_95: 0.8670677373846477
rss: 0.06589582515729621
第48次
train_loss为11.144454485801512
pre: [0.999223547681231, 0.9990117879579304, 0.9986470906566904, 0.9978118161925602, 0.9966824310016235, 0.9943295451871721, 0.9906119856003388, 0.9795416578433449, 0.9425425284110962, 0.6447260064469071], rec: [0.9964803604110939, 0.9962691820357595, 0.9959054859449059, 0.9950725045755314, 0.9939462199070815, 0.9915997935144775, 0.9878924398141631, 0.9768525036369609, 0.939954948613262, 0.6429560279694027]
ap: [0.9967884983568001, 0.9967884983568001, 0.9963387723924022, 0.9953983487649198, 0.9944842164840173, 0.9912495429751847, 0.9805111748803449, 0.9636583406119555, 0.9033389074269979, 0.4409380855053609]
map50: 0.9967884983568001, map50_95: 0.9259494385754783
rss: 0.06252785831420093
第49次
train_loss为11.109970341635515
pre: [0.9996798899769995, 0.9994664832949992, 0.9991700851255543, 0.9985772887866644, 0.9974154079624404, 0.9954117563369929, 0.9917127071823204, 0.9811253645697484, 0.9312711924691153, 0.3763308277808076], rec: [0.9970320444602104, 0.9968192030270782, 0.9965235899255055, 0.9959323637223602, 0.9947735603641953, 0.9927752157975641, 0.9890859642899373, 0.9785266643017618, 0.9288045406172402, 0.3753340428047771]
ap: [0.9966650786088614, 0.9957137941113164, 0.9957137941113163, 0.9947644259695777, 0.9914979393628389, 0.9881599727116034, 0.9829048920792632, 0.9617759092000082, 0.8679182109096705, 0.14903917832643543]
map50: 0.9966650786088614, map50_95: 0.8924153195390891
rss: 0.06356332778055696
第50次
train_loss为11.11686890944765
pre: [0.9993672443491405, 0.9991211727071396, 0.9986993356065667, 0.9979611206805639, 0.9970822933877035, 0.9955707104439836, 0.9923834967952098, 0.9837592716279396, 0.9489342754361912, 0.7854372458724411], rec: [0.9976954751766413, 0.9974498151700903, 0.9970286837302887, 0.9962917037106359, 0.9954143465443825, 0.9939052922184268, 0.9907234102288147, 0.982113611903982, 0.9473468719292499, 0.7841233447194796]
ap: [0.9949888463251255, 0.9941565567085883, 0.9937435770210057, 0.9924976553114762, 0.9916631089381505, 0.9894581169825544, 0.9853848158230449, 0.9707593289465666, 0.9102292597364271, 0.6349465261736549]
map50: 0.9949888463251255, map50_95: 0.9457827791966593
rss: 0.04751179564062576
第51次
train_loss为11.127323226637595
pre: [0.9993833982898028, 0.9991507183991624, 0.9986620906288174, 0.9977662730498517, 0.9965679716130533, 0.9943924146355652, 0.9900296666860566, 0.9796056075853644, 0.9422255831539759, 0.5996277121749752], rec: [0.9974454843129514, 0.9972132556141288, 0.9967255753466013, 0.9958314948561343, 0.9946355170571979, 0.9924641787232066, 0.9881098906202829, 0.9777060449130304, 0.9403985044471795, 0.5984649683007827]
ap: [0.9982144280169422, 0.9977679428946828, 0.9977698361181275, 0.9972826866189491, 0.9955118426207507, 0.9927982483272454, 0.9860511004111948, 0.9706380585466257, 0.9080737727751269, 0.3815186893106422]
map50: 0.9982144280169422, map50_95: 0.9225626605640287
rss: 0.058866869603799145
第52次
train_loss为11.122961441846707
pre: [0.9994838649133714, 0.9992844490844467, 0.9988973477694753, 0.9982873699398234, 0.997278560452322, 0.9954838179919999, 0.9919060634142336, 0.9827563959694542, 0.9369376766882896, 0.3890485518891717], rec: [0.9975414154422525, 0.9973423871685301, 0.9969560381665984, 0.9963472457999181, 0.9953403968857929, 0.9935491424222912, 0.9899783410408008, 0.9808464555405959, 0.935116782766493, 0.3882924544869168]
ap: [0.9982709710991944, 0.9978393333790484, 0.9969763398785995, 0.9965258803059163, 0.9939227195701604, 0.9934754229623408, 0.9890102938455151, 0.9740546142423268, 0.8985241180599907, 0.166321874943897]
map50: 0.9982709710991944, map50_95: 0.9004921568286989
rss: 0.0654210310871151
第53次
train_loss为11.132002992224075
pre: [0.9995153377859212, 0.9992670961640759, 0.9988178970388321, 0.9981677404101897, 0.9971038477451386, 0.995247946096105, 0.9911342277912406, 0.9795850818606301, 0.9403156214906319, 0.6821206927123352], rec: [0.9967934359748191, 0.9965458703699337, 0.9960978945134746, 0.9954495084054418, 0.9943885129559333, 0.9925376653384576, 0.9884351496003584, 0.9769174545540282, 0.9377549336288402, 0.680263126871478]
ap: [0.9972493763116166, 0.9972493763116166, 0.9967910098694116, 0.996332418462743, 0.994946518116796, 0.9925723318253528, 0.988900665585694, 0.9673396477727574, 0.9004456726620489, 0.4790076854806157]
map50: 0.9972493763116166, map50_95: 0.9310834702398653
rss: 0.05739885814694218
第54次
train_loss为11.11922799962741
pre: [0.9995326939028237, 0.9993808194212414, 0.9990303398483592, 0.9984695725317476, 0.9975232776849656, 0.9960512634788602, 0.9933525707676671, 0.9875813404675398, 0.970162505695293, 0.8499012815869715], rec: [0.9984478935698448, 0.998296183918777, 0.9979460847240051, 0.9973859260123702, 0.9964406581864862, 0.9949702415684444, 0.9922744777687011, 0.9865095110281247, 0.9691095810479636, 0.8489788773485821]
ap: [0.999530736743313, 0.999530736743313, 0.9995307367433132, 0.9990616817397968, 0.9971770530564812, 0.9939341793834916, 0.9905795488357076, 0.9835917829305391, 0.947101099298137, 0.7403698728504103]
map50: 0.999530736743313, map50_95: 0.9650407428324502
rss: 0.04465978876043086
第55次
train_loss为11.127889201613394
pre: [0.9994704013181123, 0.9992820995645522, 0.9988584206190421, 0.9981993644815818, 0.9965870307167235, 0.99400965046487, 0.9884665175944451, 0.9747204895845593, 0.9242438507708604, 0.450547251971284], rec: [0.9967839998122043, 0.9965962041808002, 0.996173664010141, 0.9955163793002265, 0.9939083792063287, 0.9913379265014848, 0.9858096926020259, 0.9721006115095248, 0.9217596450662566, 0.44933625981525604]
ap: [0.9946432002485395, 0.9937530426387926, 0.9937535189706651, 0.9933075176088321, 0.9905314342925055, 0.9839920173293999, 0.9762892188482958, 0.9522019770713979, 0.8694424542441451, 0.20973381687813045]
map50: 0.9946432002485395, map50_95: 0.8957648198130703
rss: 0.07772726842680801
第56次
train_loss为11.124460197061524
pre: [0.9994961272103025, 0.9992852037169406, 0.9989453825331912, 0.9983126120531058, 0.9971173789240558, 0.9948323744126366, 0.9902154935023846, 0.9783920599022721, 0.9181265306600733, 0.4283738970458993], rec: [0.9982328226854074, 0.9980221657869791, 0.9976827741172891, 0.9970508034220043, 0.9958570809975774, 0.9935749645979379, 0.9889639191545636, 0.977155429681557, 0.916966072536192, 0.4278324575467834]
ap: [0.9970897495903762, 0.9961231356130744, 0.9946751427472831, 0.9932405719725773, 0.9903493097759543, 0.9870418075942046, 0.9822570516504453, 0.9605444120171214, 0.8445478883389764, 0.19580010148398494]
map50: 0.9970897495903762, map50_95: 0.8941669170783998
rss: 0.04902828007025229
第57次
train_loss为11.12517517748796
pre: [0.9995208209155827, 0.9992403258417774, 0.9988897069995208, 0.998352091441394, 0.9975106062199782, 0.9960496943772424, 0.9932096817549642, 0.9850519500251277, 0.9612683052253895, 0.7990603415027524], rec: [0.9977949154717598, 0.997514904738015, 0.997164891320834, 0.9966282040811565, 0.9957881718799221, 0.9943297826416679, 0.9914946739625019, 0.9833510284560908, 0.9596084516573136, 0.7976805777554806]
ap: [0.9995240361732508, 0.9995240361732508, 0.9990463320689196, 0.9990463320689197, 0.9990480339697642, 0.9976206325460589, 0.9920470191313624, 0.9785334793772018, 0.9334773082423364, 0.6534174140195997]
map50: 0.9995240361732508, map50_95: 0.9551284623770664
rss: 0.04513697924646595
第58次
train_loss为11.126624998725413
pre: [0.9996391236525343, 0.9994877884100487, 0.9991734767525785, 0.9985797769551349, 0.9976717655002212, 0.9962981071453517, 0.9925845731182045, 0.9841912877465018, 0.9522362692370375, 0.6748853344508859], rec: [0.9970623751799731, 0.9969114300311179, 0.9965979285681111, 0.9960057591379871, 0.9951000882448563, 0.9937299707398635, 0.9900260090102643, 0.9816543588314524, 0.9497817100924248, 0.6731456969021411]
ap: [0.9967151572031909, 0.996715157203191, 0.9957786301181845, 0.9948731426894514, 0.9939204270897837, 0.9915627442065115, 0.9865562663465055, 0.9723546919851412, 0.9121787251434826, 0.48218383340834525]
map50: 0.9967151572031909, map50_95: 0.9322838775393787
rss: 0.059367050801535905
第59次
train_loss为11.134651372950726
pre: [0.9995484629917891, 0.9993702246990743, 0.9989068051380159, 0.9983839728127191, 0.9974571336906021, 0.9958648716090165, 0.9927991729743219, 0.9853131646803, 0.9612628777166486, 0.7221027365519208], rec: [0.9968123429871546, 0.9966345925961038, 0.9961724415793715, 0.9956510404322889, 0.9947267383988245, 0.9931388349054368, 0.990081528179362, 0.9826160117552258, 0.9586315589894298, 0.7201260842773854]
ap: [0.9985332962244113, 0.9985337061854531, 0.9985337057958035, 0.9980449484745977, 0.9961098107235792, 0.9931862522841605, 0.9879029497413885, 0.9750877853765679, 0.9315800717991315, 0.5384353503865252]
map50: 0.9985332962244113, map50_95: 0.9415947876991618
rss: 0.06732900726544731
第60次
train_loss为11.128981720819409
pre: [0.9993557757631129, 0.9991332255721882, 0.9987232646941692, 0.9980087614496217, 0.9968257314873381, 0.9945768032422049, 0.9900555204160517, 0.9786000421674046, 0.9370534354721578, 0.6537821819289245], rec: [0.9973697746189095, 0.9971476666978397, 0.9967385205274478, 0.9960254372019078, 0.9948447582530627, 0.992600299261199, 0.988088001496306, 0.9766552885064996, 0.9351912466099317, 0.6524829327597493]
ap: [0.9976133651551312, 0.9976133651551312, 0.996659291819776, 0.9957064762975436, 0.9952241279483809, 0.9919596430117817, 0.986151612041401, 0.9683805883420086, 0.8982781201798132, 0.45191383009120345]
map50: 0.9976133651551312, map50_95: 0.927950042004217
rss: 0.04955915793883724
第61次
train_loss为11.128435952736115
pre: [0.9996471542994249, 0.9994707314491373, 0.9991649318419722, 0.9987062324312245, 0.9978005951330816, 0.9963068816673135, 0.9936958234830575, 0.9864389635745622, 0.946673253119744, 0.6834974065841007], rec: [0.9983437874409754, 0.9981675946155473, 0.9978621937181384, 0.9974040923720253, 0.9964996358681608, 0.9950078699462025, 0.9924002161298658, 0.9851528179105881, 0.9454389550590834, 0.6826062442737332]
ap: [0.9995153378056265, 0.9990311432698549, 0.99854853496036, 0.9980650703321454, 0.9970999931598739, 0.993730422733496, 0.9885882793137842, 0.9762000684223743, 0.9080756747319665, 0.5023566948025358]
map50: 0.9995153378056265, map50_95: 0.9361211219532016
rss: 0.047998970559917614
第62次
train_loss为11.11203819053398
pre: [0.9994581222758865, 0.9991989633643539, 0.9986570856402404, 0.9979149487572152, 0.996937212863706, 0.994899281423018, 0.9906113794322063, 0.9799858640593709, 0.9454352691718695, 0.4937801861232183], rec: [0.9982351695413794, 0.9979763277407817, 0.9974351130668048, 0.996693884274184, 0.9957173447537473, 0.9936819069581382, 0.9893992517118856, 0.9787867378873802, 0.944278419653152, 0.49317598889333364]
ap: [0.9990723562152134, 0.9990723562152134, 0.9986089541805808, 0.9972213320426576, 0.9963021383541966, 0.991606067031147, 0.9826410109133573, 0.9665624259544735, 0.9038089714501001, 0.26395534766942585]
map50: 0.9990723562152134, map50_95: 0.9098850960026365
rss: 0.07148034782821792
第63次
train_loss为11.149209222120087
pre: [0.9997186565851943, 0.9994724810972393, 0.9991325244710157, 0.9986518961373894, 0.9978899243889573, 0.9965652658109138, 0.9938338901588418, 0.9866948010081472, 0.9648437957915714, 0.7861907273899537], rec: [0.9966342951302458, 0.9963888791501595, 0.9960499713681357, 0.9955708258832053, 0.9948112049924622, 0.9934906332900934, 0.9907676845586603, 0.9836506211361591, 0.9618670312846942, 0.7837651485935327]
ap: [0.9980741454020221, 0.9980741454020221, 0.9975914794887593, 0.9971097087324, 0.9971104484289327, 0.9937514295871186, 0.9894045737279228, 0.9778243397224563, 0.9378712756989602, 0.6388601951502285]
map50: 0.9980741454020221, map50_95: 0.9525671741340822
rss: 0.055740803479852136
第64次
train_loss为11.1300064093131
pre: [0.9996144274247257, 0.9994391671632374, 0.9992171708320189, 0.9985628658557959, 0.9976982485657868, 0.9963545865610431, 0.993083061679928, 0.9839812120999685, 0.9531470900954584, 0.7062404337107271], rec: [0.9972723457826269, 0.9970974961533081, 0.996876019956171, 0.9962232480067142, 0.9953606565020748, 0.9940201426772975, 0.9907562829300135, 0.9816757588473912, 0.9509138807292395, 0.704585722944934]
ap: [0.9961649089165869, 0.9961649089165868, 0.9956865055835108, 0.9952082656555568, 0.9942529505521642, 0.9933203654803084, 0.9880254235631976, 0.9726317282247916, 0.9268402582525224, 0.5188119801081853]
map50: 0.9961649089165869, map50_95: 0.9377107295253412
rss: 0.06216370337091843
第65次
train_loss为11.098056620378818
pre: [0.999531347025811, 0.9993790348091997, 0.9991329919977505, 0.9986057574017879, 0.9976450188047006, 0.996145329287296, 0.9934271420370001, 0.9876158451570574, 0.9654954247753395, 0.7984792210987569], rec: [0.9978945152121276, 0.9977424524218924, 0.9974968125299739, 0.9969704413330058, 0.9960112760407528, 0.9945140424138214, 0.991800306465008, 0.9859985261606485, 0.963914330163409, 0.7971716321016248]
ap: [0.9986382206082615, 0.9986382206082616, 0.9977304934663123, 0.9972946005490143, 0.9968017996665914, 0.9954206952985905, 0.9918454085580393, 0.9814793733693473, 0.9469586592936813, 0.6621166591300244]
map50: 0.9986382206082615, map50_95: 0.9566924130548123
rss: 0.041752504587894194
第66次
train_loss为11.122891353061293
pre: [0.9996329319266337, 0.9994434774371544, 0.999123772986158, 0.9986382958568671, 0.9978567960877648, 0.996317478360745, 0.9927415248718222, 0.9850567771423159, 0.9605224207547394, 0.7743478621244952], rec: [0.9972594325135257, 0.997070427859286, 0.9967514825052567, 0.9962671580787676, 0.9954875138800293, 0.9939518510643325, 0.9903843882155599, 0.9827178869279656, 0.958241784203936, 0.7725092730408486]
ap: [0.9972103005727514, 0.9967465922311972, 0.9962834014529772, 0.9953572801052292, 0.99304040261255, 0.9898117540852678, 0.9835615240999, 0.9701810080964244, 0.9229801006506542, 0.6197477135659026]
map50: 0.9972103005727514, map50_95: 0.9464920077472854
rss: 0.05836797689247586
第67次
train_loss为11.130632196772112
pre: [0.9993568229392022, 0.9991229403716394, 0.9987487282635389, 0.9982809631284132, 0.9974857623986996, 0.9960707728649445, 0.9932758761825687, 0.9868090231894566, 0.9651982739466514, 0.819384187199607], rec: [0.998259488125971, 0.9980258623710678, 0.9976520611632226, 0.9971848096534162, 0.9963904820867452, 0.9949770462695807, 0.9921852184984873, 0.9857254663754133, 0.9641384466223556, 0.8184844697279428]
ap: [0.9969609305194188, 0.9969606705309458, 0.9965258413211422, 0.996091802232728, 0.9956586026268142, 0.9938452223214959, 0.9902273164718329, 0.977666851447844, 0.9399593986266788, 0.6837116298238447]
map50: 0.9969609305194188, map50_95: 0.9567608265922745
rss: 0.042249976739961545
第68次
train_loss为11.14403599748065
pre: [0.9994896203012427, 0.9993353194620835, 0.9990741949650449, 0.9984569916084082, 0.9974124936202537, 0.9951217196235059, 0.99061138740193, 0.9790388244649915, 0.9418167143416696, 0.6630900523435923], rec: [0.994238216680835, 0.994084726551431, 0.9938249740247473, 0.9932110135071314, 0.9921720034003967, 0.9898932653253991, 0.9854066307735903, 0.9738948710682913, 0.9368683290828375, 0.6596061207140833]
ap: [0.9933095450490633, 0.9924187556858567, 0.9919741523885551, 0.9910848339912273, 0.990174197935811, 0.9866219673489333, 0.9803309148221849, 0.9597141830235703, 0.8971667013609116, 0.45296971862591456]
map50: 0.9933095450490633, map50_95: 0.9235764970232028
rss: 0.07006147332737706
第69次
train_loss为11.114098239149909
pre: [0.9995664350414231, 0.9994258193791818, 0.9991211521109926, 0.9986289972931485, 0.9978673291226754, 0.9960979153728072, 0.9921020869707871, 0.9828331712347227, 0.9340395364370335, 0.6180995793248104], rec: [0.9982212652421185, 0.9980808388138648, 0.9977765815526483, 0.9972850890537599, 0.9965244459007185, 0.9947574133451915, 0.9907669623423129, 0.9815105202799167, 0.932782549675849, 0.6172677697942753]
ap: [0.9999999999999997, 0.9995467960012769, 0.9990942295112424, 0.9990945284100151, 0.9986345783972774, 0.9968505870473274, 0.9923591582713085, 0.9763738885591424, 0.8889133204483837, 0.3925202158460121]
map50: 0.9999999999999997, map50_95: 0.9243387302491985
rss: 0.05138461699466642
第70次
train_loss为11.112829792804932
pre: [0.9995226502458351, 0.9992720416248986, 0.9989736980285455, 0.9984963482743806, 0.9976371187168839, 0.9960976657597022, 0.9935199770872118, 0.9874457014654637, 0.9652370041529429, 0.5079359396629911], rec: [0.9982003885253912, 0.9979501114328959, 0.9976521625132587, 0.9971754442418391, 0.996317351353284, 0.9947799349279559, 0.9922056562622904, 0.9861394162584767, 0.9639600986806822, 0.5072639946607553]
ap: [0.9995176073323684, 0.9995176073323683, 0.9995176073323682, 0.9980700169403808, 0.9980703116321344, 0.9956294263611231, 0.9929559579347113, 0.981060992895127, 0.9426263802423147, 0.28882455069449775]
map50: 0.9995176073323684, map50_95: 0.9195790458697394
rss: 0.0635500224126583
第71次
train_loss为11.105575266313938
pre: [0.9994329592439457, 0.9992793857058476, 0.9989958653278205, 0.9985705847607796, 0.9978617838157118, 0.9962315416420555, 0.9933372711163615, 0.9866627288836385, 0.9604252805670408, 0.69248670998228], rec: [0.9974768911526127, 0.9973236181852481, 0.9970406527070365, 0.9966162044897189, 0.9959087907941898, 0.9942817392944727, 0.991393133371062, 0.9847316544048292, 0.9585455574419921, 0.6911313903037163]
ap: [0.9962029546807334, 0.9962029546807334, 0.9957298941583423, 0.9957297828974803, 0.9952556191206495, 0.9934199802451269, 0.988293327480053, 0.9744688046560209, 0.9342380300658356, 0.49868776950476296]
map50: 0.9962029546807334, map50_95: 0.9368229117489738
rss: 0.05306987637837619
第72次
train_loss为11.112473384179339
pre: [0.9995745083207261, 0.999420858547655, 0.9991608358547656, 0.998688067322239, 0.9977425302571861, 0.9963715015128594, 0.9937358169440242, 0.9861597012102874, 0.950052004538578, 0.7389135779122542], rec: [0.9966531535778259, 0.996499952861318, 0.9962406901103045, 0.99576930329028, 0.994826529650231, 0.9934595078721599, 0.9908315263505232, 0.9832775525596305, 0.9472753841802584, 0.7367540303573112]
ap: [0.9969461585500758, 0.9964386549197983, 0.995931670845612, 0.9959299227532393, 0.9944086148362554, 0.9914966180632598, 0.9868317389534855, 0.9705351567275368, 0.9041450701067321, 0.5678461824633525]
map50: 0.9969461585500758, map50_95: 0.9400509788219347
rss: 0.05043332722862133
第73次
train_loss为11.141698652521194
pre: [0.9996221335285643, 0.9993977753111494, 0.9990317171669462, 0.9985357674231868, 0.997697376189689, 0.996209526958411, 0.9931039368962993, 0.9861606404836691, 0.9634059939069032, 0.8043242094324918], rec: [0.9979958502310666, 0.9977718570215977, 0.9974063944166746, 0.9969112515325851, 0.9960742242761482, 0.99458879562388, 0.9914882580401773, 0.9845562576629255, 0.961838630576252, 0.8030156559464302]
ap: [0.9976271980847431, 0.997627199864345, 0.9971528499352816, 0.997152382776019, 0.9948118078746847, 0.9924076684592222, 0.9862686101275193, 0.9760750704399284, 0.9339851877979214, 0.6747673695452138]
map50: 0.9976271980847431, map50_95: 0.9547875344904879
rss: 0.041548730689584916
第74次
train_loss为11.119407648915345
pre: [0.9996002774544728, 0.9994944685453626, 0.999259337636229, 0.998777319272505, 0.9980013872723639, 0.9963907405447984, 0.9930166119987303, 0.9835290798151871, 0.9472366239904066, 0.5848058406517829], rec: [0.9977937638623214, 0.9976881461748794, 0.9974534402027859, 0.9969722929599943, 0.996197763252086, 0.9945900273432458, 0.9912219966437046, 0.9817516106697335, 0.9455247438771079, 0.5837489584922488]
ap: [0.9972413793103448, 0.9967821727651673, 0.9963233901666152, 0.9958652784078939, 0.995407593657804, 0.9939394926472469, 0.9892236852634461, 0.9706420304989515, 0.9086092859556686, 0.3674671677183987]
map50: 0.9972413793103448, map50_95: 0.9211501476391536
rss: 0.05193467152807574
第75次
train_loss为11.131127874881027
pre: [0.9995891825907319, 0.9993661674257007, 0.9990727264190807, 0.9986032208084886, 0.9977228977886285, 0.9959387764683788, 0.9927578759566177, 0.9846354288933753, 0.9577210197661862, 0.7969388234189398], rec: [0.9973181871413515, 0.9970956786508959, 0.9968029043213491, 0.9963344653940742, 0.9954561424054339, 0.9936760744817894, 0.9905024007495022, 0.9823984073076473, 0.9555451458016161, 0.7951282351563415]
ap: [0.9976292081555239, 0.9976292081555239, 0.9976292081555239, 0.9976292081555239, 0.9976292081555239, 0.9939265880022735, 0.9903292363045118, 0.9726949660816475, 0.9174234003553309, 0.6597609065911254]
map50: 0.9976292081555239, map50_95: 0.9522281138112509
rss: 0.044781332743823
第76次
train_loss为11.121877587251788
pre: [0.9994818652849741, 0.9993405558172398, 0.9990226095148375, 0.998551577955723, 0.9978685821950071, 0.9963730569948187, 0.9931347150259068, 0.9853862458784739, 0.9569006123410269, 0.7391662741403674], rec: [0.9973912430374392, 0.997250229147571, 0.9969329478953677, 0.9964629015958072, 0.9957813344614445, 0.9942889374603399, 0.9910573691508614, 0.983325107523091, 0.9548990575571694, 0.7376201555853251]
ap: [0.9967871807449415, 0.9967871807449415, 0.9963272124671373, 0.9949471519336303, 0.9931365754030473, 0.9917742261214165, 0.9863214147189043, 0.9748222527479062, 0.9217573074057761, 0.5695581407886801]
map50: 0.9967871807449415, map50_95: 0.9422218643076381
rss: 0.04533801562991131
第77次
train_loss为11.095602084471759
pre: [0.99955461268885, 0.9993436397519896, 0.9988982524408396, 0.9984411444109753, 0.9976792976945347, 0.9956047304820732, 0.9907875150904254, 0.9737455900795837, 0.8803900655188176, 0.20926171192817544], rec: [0.9974502625761705, 0.9972397337980561, 0.9967952841553702, 0.9963391384694558, 0.9955788956595983, 0.9935086960081404, 0.9887016222411958, 0.9716955753868466, 0.8785365910712406, 0.20882115580299185]
ap: [0.9975915221579963, 0.9975915221579962, 0.9966292746030466, 0.9956678567341155, 0.9942292111428742, 0.9927781880174994, 0.9821701943676667, 0.9528171250427508, 0.7850497085615059, 0.05107797254611722]
map50: 0.9975915221579963, map50_95: 0.8745602575331569
rss: 0.07247877888026867
第78次
train_loss为11.124447091160972
pre: [0.999439193373135, 0.9991704735310956, 0.998855019803484, 0.9982007454054749, 0.997149232980103, 0.9952097767288617, 0.9903611361007583, 0.9751843067612249, 0.8782582280847285, 0.5127992429110537], rec: [0.997830372452729, 0.9975620851753783, 0.997247139241097, 0.996593918044069, 0.9955440982631315, 0.9936077640005132, 0.9887669283439676, 0.9736145295057682, 0.8768444750317862, 0.511973777834805]
ap: [0.999056158565361, 0.998583580388397, 0.9976399279795936, 0.9962270003159455, 0.9952883785935173, 0.9916042994867319, 0.9833120216013113, 0.9509781630233811, 0.7854973892030876, 0.2786403917769303]
map50: 0.999056158565361, map50_95: 0.8976827310934257
rss: 0.0495465569964218
第79次
train_loss为11.140617931277994
pre: [0.9995993164810559, 0.9995521772435331, 0.9991632785339697, 0.9985504684461729, 0.9977137469801426, 0.9961345825231277, 0.9932708738436156, 0.9849036591833127, 0.9416416239467327, 0.62096517588828], rec: [0.9974247412982126, 0.9973777046095955, 0.9969896519285042, 0.9963781749764816, 0.9955432737535278, 0.9939675446848542, 0.9911100658513641, 0.982761053621825, 0.9395931326434619, 0.6196142991533397]
ap: [0.9981663790727536, 0.9981663790727536, 0.9981661274152189, 0.9977078251802908, 0.9958796991657216, 0.9940533103241922, 0.9903978446275032, 0.9794847581852448, 0.8988240403092718, 0.41545026260213314]
map50: 0.9981663790727536, map50_95: 0.9266296625955084
rss: 0.05925772268622536
第80次
train_loss为11.125273988824263
pre: [0.9996307853552797, 0.9994283128081751, 0.999094828612944, 0.9984993211214597, 0.997427407636788, 0.9959624592077368, 0.9923179533598533, 0.9846120864200472, 0.9501322026631095, 0.6688978347347609], rec: [0.9967815491318496, 0.9965796536899361, 0.9962471200209021, 0.9956533098976271, 0.9945844516757322, 0.9931236787724758, 0.9894895608180329, 0.9818056578228546, 0.9474240516852331, 0.6669912828673903]
ap: [0.9976722532588455, 0.9972072003829777, 0.9967425819908696, 0.9958173999372398, 0.9934963928728912, 0.991211210396712, 0.9861894213643604, 0.9737622085797266, 0.9133933497928468, 0.4841288853504303]
map50: 0.9976722532588455, map50_95: 0.93296209039269
rss: 0.053660769669415166
第81次
train_loss为11.15267684888187
pre: [0.999228880215439, 0.9987662083447024, 0.9979120448910348, 0.996524029278825, 0.9941038994934336, 0.9890856892031367, 0.9776968431542358, 0.9403271920562799, 0.833426263153524, 0.533792841635723], rec: [0.9911158702328701, 0.9906569549203958, 0.9898097266512126, 0.9884329807137898, 0.9860325006177706, 0.981055034536319, 0.9697586576138757, 0.9326924208371086, 0.8266594495369662, 0.5294588329430592]
ap: [0.9916466820068174, 0.990664462722636, 0.9901992405641187, 0.9882640477631253, 0.9824542395792456, 0.9755930520003704, 0.9520364893791935, 0.8877441776389594, 0.7034111998074665, 0.2998017239431916]
map50: 0.9916466820068174, map50_95: 0.8761815315405125
rss: 0.15160763144700198
第82次
train_loss为11.10929890733681
pre: [0.9995873712008677, 0.999245478767301, 0.9988210605739077, 0.9982080120723397, 0.9975124378109452, 0.9960387635283299, 0.9933389922425786, 0.9861710405319375, 0.9651151823819292, 0.8510527929075005], rec: [0.9972594683603858, 0.9969183721477299, 0.996494942366502, 0.9958833215713949, 0.9951893672077158, 0.9937191249117855, 0.9910256410256411, 0.9838743824982357, 0.9628675605739826, 0.849070806868972]
ap: [0.9977209277018226, 0.9972652643718178, 0.9972647147601243, 0.9963633220673055, 0.9954047211647454, 0.99265689478243, 0.989803530746755, 0.9797260277934049, 0.9432153753332674, 0.7508277604047247]
map50: 0.9977209277018226, map50_95: 0.9640248539126398
rss: 0.0436037591026312
第83次
train_loss为11.13029137773248
pre: [0.9995563131961797, 0.9993227938257478, 0.999089274455316, 0.998552179903323, 0.997699834201247, 0.9963337458842211, 0.9938701165261659, 0.987588445461551, 0.9624500852345702, 0.4372066412908951], rec: [0.9978552778813875, 0.9976221559119731, 0.9973890339425587, 0.9968528534129056, 0.9960019582245431, 0.9946381947034688, 0.992178757926147, 0.9859077769488996, 0.9608121969414397, 0.4364626072361059]
ap: [0.9976480087692722, 0.9971779284073446, 0.996708291369532, 0.9962388088728635, 0.9957957154707611, 0.9934776173533503, 0.9869963047183345, 0.9779670815923679, 0.9354491089177036, 0.20543843392190092]
map50: 0.9976480087692722, map50_95: 0.908289729939343
rss: 0.05252541805996417
第84次
train_loss为11.135087842419939
pre: [0.9994508960908475, 0.9992990162861883, 0.9989952566768698, 0.9983410052106456, 0.9974530925064841, 0.9962146879454168, 0.993994906185013, 0.9881183260508914, 0.9688763231067599, 0.8577470383438092], rec: [0.9977606456804955, 0.997609022731779, 0.9973057768343461, 0.9966526318244906, 0.9957662207396867, 0.9945299105424602, 0.9923138828304505, 0.9864472410454985, 0.9672377797734987, 0.8562964345280444]
ap: [0.9984897247327763, 0.9984889837513784, 0.9979852140963931, 0.9979839171142546, 0.9955079917581948, 0.9924942609097134, 0.9871317360941756, 0.9742516417159491, 0.9402633489208637, 0.7489513847288556]
map50: 0.9984897247327763, map50_95: 0.9631548203822554
rss: 0.051314070392560134
第85次
train_loss为11.132183122984893
pre: [0.9994986825844662, 0.9993587800498985, 0.9989274139016485, 0.9984260964861147, 0.9975750227341619, 0.9963741926457901, 0.9935644834098911, 0.9861379905332618, 0.9626227061813604, 0.6807657332058665], rec: [0.9983929008140306, 0.998253153058729, 0.9978222641465488, 0.9973215013567178, 0.9964713691786325, 0.9952718676122931, 0.9924652668599844, 0.9850469901827202, 0.9615577216457627, 0.6800125772979771]
ap: [0.9977620636676682, 0.9977620636676682, 0.9977624541938682, 0.99776185194325, 0.9950851042108665, 0.9928629878961814, 0.9876212068013662, 0.9751468906433453, 0.9337460347350943, 0.48080781309515663]
map50: 0.9977620636676682, map50_95: 0.9356318470854464
rss: 0.04807676777332231
第86次
train_loss为11.108359825079008
pre: [0.999448246715894, 0.9991195426317457, 0.9987204019581372, 0.9980864726529941, 0.9968773112005916, 0.9943415939800195, 0.9896340819177536, 0.975628940046723, 0.9144430226688424, 0.4585421973868025], rec: [0.9980188734540766, 0.9976906394701366, 0.9972920696324952, 0.9966590469491824, 0.9954516147939746, 0.9929195240607233, 0.9882187445050115, 0.9742336322607116, 0.913135220678741, 0.4578864075962722]
ap: [0.9986429349971508, 0.9977399973916828, 0.9972891431050482, 0.9968386984958131, 0.9950055493713694, 0.9876751080483399, 0.9809790066613203, 0.9620642609158165, 0.8460734010332277, 0.2162035979115149]
map50: 0.9986429349971508, map50_95: 0.8978511697931284
rss: 0.07752000227289753
第87次
train_loss为11.11049080226255
pre: [0.9996920525879427, 0.9995025464882151, 0.9991235342887599, 0.9986616131706739, 0.997702238540803, 0.9959966836432548, 0.9930119625725453, 0.9853369655335781, 0.9625133246476371, 0.7372616368589364], rec: [0.9941227047336372, 0.9939342543844152, 0.9935573536859711, 0.9930980059597423, 0.9921439760668056, 0.9904479229238071, 0.9874798299235599, 0.9798475907800667, 0.9571511018456356, 0.7331543055015723]
ap: [0.9938661902522519, 0.9938661902522519, 0.9938660729192406, 0.99292372515887, 0.9919651643236906, 0.9910361897715353, 0.9862639364649955, 0.9755497137230826, 0.9369565212619192, 0.5801660412316244]
map50: 0.9938661902522519, map50_95: 0.9436459745359462
rss: 0.06345942775501806
第88次
train_loss为11.13490169612011
pre: [0.9995310393340758, 0.9993669031010024, 0.9989917345682631, 0.9986048420188757, 0.997854504953397, 0.9965883111554018, 0.9941379916759482, 0.9884752916349141, 0.9668327569025148, 0.7424936983410516], rec: [0.9981384784695717, 0.9979745709134334, 0.9975999250708315, 0.9972135715456483, 0.9964642798604444, 0.995199850141663, 0.9927529444821692, 0.9870981337953966, 0.9654857517502985, 0.7414592455569344]
ap: [0.9981775576522397, 0.9972673080239903, 0.9963583043962531, 0.9959045711340458, 0.9945628587889529, 0.9939826734455439, 0.9890698505648369, 0.9799680791226251, 0.9434751348971915, 0.568789877174706]
map50: 0.9981775576522397, map50_95: 0.9457556215200386
rss: 0.045534788162468365
第89次
train_loss为11.13350869445966
pre: [0.9996820611855585, 0.9994112244177009, 0.9992110407197192, 0.9986458161607121, 0.9979981630201832, 0.9967028567391253, 0.9945361625962648, 0.989437366053555, 0.9710557923741786, 0.7092390664374367], rec: [0.9980367261526887, 0.9977663351437774, 0.9975664809197997, 0.9970021866403329, 0.9963555994451107, 0.995062425054666, 0.9928992969833769, 0.9878088923373539, 0.9694575721238626, 0.7080717594225389]
ap: [0.9986288848263254, 0.9986288848263254, 0.9986288848263254, 0.9981720296214093, 0.99771559275827, 0.9958764491851259, 0.9903605002471356, 0.9766455354102033, 0.943298383961944, 0.5126091646897599]
map50: 0.9986288848263254, map50_95: 0.9410564310352824
rss: 0.0722239960194436
第90次
train_loss为11.107767895727402
pre: [0.9997184519549992, 0.999495559752707, 0.9992022805391645, 0.9987330337974966, 0.9979939701793695, 0.9967152728083244, 0.9944042326056098, 0.9887028846943444, 0.9728540759945098, 0.8786293302675879], rec: [0.9977987752760312, 0.9975763110752046, 0.9972835950214853, 0.9968152493355346, 0.9960776048801621, 0.9948013628859461, 0.9924947603826384, 0.9868043602983362, 0.9709859847553479, 0.8769421710164272]
ap: [0.9990947605885746, 0.9990947605885742, 0.9986424269328645, 0.9981890079063259, 0.997286446390754, 0.9950003914199945, 0.9916733753761947, 0.9813141156214001, 0.9550724754102288, 0.792235506960384]
map50: 0.9990947605885746, map50_95: 0.9707603267195296
rss: 0.041095509761269036
第91次
train_loss为11.12941756506021
pre: [0.9996111379517575, 0.9993872476815573, 0.9991633574113571, 0.9987273605693883, 0.9979614201713349, 0.9969362384077867, 0.99488587488069, 0.989111862649211, 0.9677833684880337, 0.7167081060061511], rec: [0.9978708637705709, 0.9976473632823988, 0.9974238627942267, 0.9969886250014705, 0.99622401806825, 0.9952006210960934, 0.9931538271517804, 0.9873898671936573, 0.966098504899366, 0.7154603521897166]
ap: [0.9981282171268133, 0.9981282171268133, 0.9981282171268133, 0.9981282171268133, 0.9967276586665208, 0.9962369462423164, 0.9943319534795371, 0.9861331255400244, 0.9486194932704245, 0.5425684206414665]
map50: 0.9981282171268133, map50_95: 0.9457130466347543
rss: 0.0496801805885567
第92次
train_loss为11.10374574701286
pre: [0.9996165465953986, 0.9993957703927493, 0.9990239367882873, 0.9984545665814548, 0.9976411805716942, 0.996200325354404, 0.9930397397164769, 0.984173832210086, 0.9535905182430863, 0.4453985591447827], rec: [0.9975532827755745, 0.997332962267214, 0.9969618961478699, 0.9963937011526242, 0.9955819940165588, 0.9941441128041003, 0.9909900507896751, 0.9821424430065633, 0.9516222546905077, 0.44447923189313293]
ap: [0.9980629539951575, 0.9980629539951573, 0.996611631889675, 0.9956450938664281, 0.9946786110570619, 0.9914419620131084, 0.9862695852080142, 0.9714805819516404, 0.9231301580235042, 0.2132395337594411]
map50: 0.9980629539951575, map50_95: 0.9068623065759189
rss: 0.06333606410856682
第93次
train_loss为11.100319316518002
pre: [0.9996346924345981, 0.9994343624793778, 0.9991986801791185, 0.9989747819938722, 0.9981734621729909, 0.9966297431062927, 0.9940136695734151, 0.9876738156964412, 0.9643294838557624, 0.7891703983030874], rec: [0.9977417343950318, 0.9975417837945919, 0.9973065477940745, 0.9970830735935827, 0.9962832711918232, 0.9947424753884334, 0.992131355782689, 0.9858035073687678, 0.9625033815175075, 0.7876759859328871]
ap: [0.9966043328268515, 0.9961202517246532, 0.9956361200505136, 0.9956366399681511, 0.9937344137821128, 0.9908355612907229, 0.9846341230155352, 0.972809468539807, 0.9304221509584673, 0.6325097889931496]
map50: 0.9966043328268515, map50_95: 0.9488942851149964
rss: 0.04164419975740198
第94次
train_loss为11.102823792559573
pre: [0.9994297352342159, 0.9992202502182136, 0.9989525749199883, 0.9986383473959849, 0.9979051498399767, 0.9968228105906314, 0.9946464940354961, 0.9903054989816701, 0.9764445737561828, 0.8862379982542915], rec: [0.9985929741735177, 0.9983836645464377, 0.9981162133562799, 0.9978022489156598, 0.9970696652208798, 0.9959882321476331, 0.993813737688524, 0.9894763770829215, 0.9756270567577939, 0.8854960056746165]
ap: [1.0, 0.9999999999999999, 1.0, 1.0, 0.9995145862034849, 0.9971613037252594, 0.9928084525116013, 0.9857222796306899, 0.9639203435236613, 0.8000864085211807]
map50: 1.0, map50_95: 0.9739213374115877
rss: 0.04027323428773541
第95次
train_loss为11.141037163682116
pre: [0.999645356534897, 0.9994916777000189, 0.9992079629279365, 0.9988769623605069, 0.9982149612256478, 0.9971392093815018, 0.9951650274257613, 0.9905428409305844, 0.9720659163987139, 0.7037308492528844], rec: [0.9981703790266416, 0.9980169269450051, 0.9977336307942916, 0.9974031186184591, 0.9967420942667942, 0.9956679296953386, 0.9936966606466234, 0.9890812941912485, 0.9706316323760285, 0.7026924938324067]
ap: [0.9985927085951981, 0.9981239439104413, 0.9981239439104413, 0.997187040008673, 0.9957844857043153, 0.9934705743397032, 0.9910953761575905, 0.9844579739453788, 0.9553784958686393, 0.5108034598752541]
map50: 0.9985927085951981, map50_95: 0.9423018002315635
rss: 0.05185193097641072
第96次
train_loss为11.121052323239052
pre: [0.9995776085604665, 0.9993664128406997, 0.9990496192610496, 0.9985685623438032, 0.9978293773246195, 0.9967147332480728, 0.9945206443816071, 0.9903201961773574, 0.9786692323035586, 0.8796419059240399], rec: [0.9972958419179622, 0.99708512830118, 0.9967690578760068, 0.9962890990822252, 0.9955516014234875, 0.9944395017793595, 0.9922504214272335, 0.9880595617156771, 0.9764351938565274, 0.8776339202097772]
ap: [0.9985618408437199, 0.9985618408437201, 0.9985618408437201, 0.9985618408437201, 0.9967145883988742, 0.9952769438464676, 0.9922975455823926, 0.985586522877349, 0.9570019673535297, 0.777731408859553]
map50: 0.9985618408437199, map50_95: 0.9698856340293046
rss: 0.045339375869940336
第97次
train_loss为11.117273711621921
pre: [0.9996578130715407, 0.9994690202834252, 0.9991386329042231, 0.9987020495817059, 0.9978170833874146, 0.9963539392795195, 0.9939232321325325, 0.988058856151695, 0.9698285525492926, 0.7789944424122999], rec: [0.996541746065354, 0.9963535417695909, 0.9960241842520056, 0.9955889618180535, 0.9947067541816642, 0.9932481708895006, 0.9908250405815513, 0.9849789446444115, 0.9668054673347919, 0.7765662126238031]
ap: [0.9956608653581857, 0.9956608653581857, 0.9956608653581857, 0.9956610378046837, 0.9951791125309999, 0.993256502180006, 0.9865942541887338, 0.9737180129915692, 0.9436416907909598, 0.6337703182218829]
map50: 0.9956608653581857, map50_95: 0.9508803524783392
rss: 0.05259720486584972
第98次
train_loss为11.120081344968149
pre: [0.9997525131698349, 0.9994814561653683, 0.9992221842480525, 0.998738995674873, 0.9978315439642677, 0.9962052019374683, 0.9931882196268842, 0.9859168208548902, 0.9491709191189469, 0.6716674719809553], rec: [0.9980000470577163, 0.9977294651890544, 0.9974706477494647, 0.9969883061575022, 0.9960824451189384, 0.9944589539069669, 0.991447260064469, 0.9841886073268864, 0.9475071174795887, 0.6704901061151503]
ap: [0.9982294865330084, 0.9977873867556237, 0.9977873867556237, 0.9973456794195065, 0.9963874791184696, 0.9933039342249358, 0.9875751048544613, 0.9789914321879155, 0.9146024304142312, 0.4610751549536522]
map50: 0.9982294865330084, map50_95: 0.9323085475217427
rss: 0.05938201094992385
第99次
train_loss为11.106885726126064
pre: [0.9995967598467688, 0.9993714197611395, 0.9989563196034015, 0.9982565793375001, 0.997189178931888, 0.9953271582243202, 0.9917335768587592, 0.9835857537625864, 0.94467307897577, 0.3573300757854288], rec: [0.996535660234582, 0.996311010215664, 0.9958971812334468, 0.9951995838062807, 0.9941354521377223, 0.9922791335603481, 0.988696556942868, 0.980573685206205, 0.9417801740446462, 0.3562358115777526]
ap: [0.9956958393113344, 0.9952180880411956, 0.9952196339872663, 0.9942652108723069, 0.9923501090582839, 0.9890434010524176, 0.9832988190726474, 0.9665409235055071, 0.8945332080011225, 0.14175300652373224]
map50: 0.9956958393113344, map50_95: 0.8947918239425814
rss: 0.07208277405218318
第100次
train_loss为11.11478779826072
pre: [0.9995897171392735, 0.9994490487298815, 0.9990856553389522, 0.998616760640979, 0.9976789712450327, 0.9963660660907077, 0.9939043689263484, 0.9887348048811938, 0.972722050945409, 0.8459212022460056], rec: [0.9978351685643072, 0.9976947470657758, 0.997331991527903, 0.9968639198661315, 0.9959277765425887, 0.9946171758896287, 0.9921597996653287, 0.9869993095942989, 0.9710146623448049, 0.8444363832102695]
ap: [0.9963384720160099, 0.9958816434226393, 0.9954241751876942, 0.9949679693407077, 0.9931458936215021, 0.9908593793063564, 0.9875995086761062, 0.9793149224003149, 0.9489678044111717, 0.7291071673176575]
map50: 0.9963384720160099, map50_95: 0.9611606935700159
rss: 0.05340429172319407
最好的测试结果
best_pre: [0.9994297352342159, 0.9992202502182136, 0.9989525749199883, 0.9986383473959849, 0.9979051498399767, 0.9968228105906314, 0.9946464940354961, 0.9903054989816701, 0.9764445737561828, 0.8862379982542915], best_rec50: [0.9985929741735177, 0.9983836645464377, 0.9981162133562799, 0.9978022489156598, 0.9970696652208798, 0.9959882321476331, 0.993813737688524, 0.9894763770829215, 0.9756270567577939, 0.8854960056746165]
best_ap: [1.0, 0.9999999999999999, 1.0, 1.0, 0.9995145862034849, 0.9971613037252594, 0.9928084525116013, 0.9857222796306899, 0.9639203435236613, 0.8000864085211807]
best_map50: 1.0, best_map50_95: 0.9739213374115877
best_rss: 0.04027323428773541
验证结果为
pre: [0.9995364361208975, 0.9994437233450769, 0.9991424068236603, 0.9986788429445578, 0.9976821806044873, 0.9963842017430001, 0.9941822733172632, 0.9893148525866865, 0.9743880956795846, 0.8807481921008715], rec: [0.9986799749889997, 0.9985873416548945, 0.9982862833190523, 0.997823116648526, 0.9968273083068943, 0.9955304416294204, 0.99333039994442, 0.988467149903893, 0.9735531831129431, 0.8799935156666127]
ap: [0.998179702095719, 0.998179702095719, 0.9981794867021072, 0.9981794867021073, 0.9981794867021072, 0.9958664140826454, 0.991120421306479, 0.9827375890195268, 0.9590167689170944, 0.796885892629537]
map50: 0.998179702095719, map50_95: 0.9716524950253043
rss: 0.04102694047376658
