第1次
train_loss为12.168380823798897
pre: [0.8824184413109348, 0.8806839473656035, 0.8780393794366107, 0.8725575220291438, 0.8630820458463153, 0.8452231822610521, 0.807856615167186, 0.7194295442135354, 0.5064186982730008, 0.13312776368055332], rec: [0.9705937772334362, 0.9686859646230304, 0.9657771392232141, 0.9597475092446476, 0.9493251996137269, 0.929681795699178, 0.8885813882280896, 0.7913182749605483, 0.5570223991332407, 0.1464305061591728]
ap: [0.8687188540762109, 0.8644007086646628, 0.8613276380759912, 0.8522101767339054, 0.8372681872004585, 0.806836245583412, 0.7411207957996704, 0.5829884134701966, 0.2959634527271941, 0.021646913767024892]
map50: 0.8687188540762109, map50_95: 0.6732481386098728
rss: 2.6914681784558265
第2次
train_loss为11.648965075593523
pre: [0.8978059483178937, 0.8707703559239396, 0.8369332033154558, 0.789212579229644, 0.721245733788396, 0.6315577766942955, 0.5228668941979522, 0.38311799122379325, 0.20965382740126767, 0.0363725012189176], rec: [0.8621190130624092, 0.836158059834262, 0.8036659019617023, 0.7578421274404232, 0.6925768996675874, 0.6064539538367901, 0.5020834308722318, 0.3678894142984222, 0.20132028653026826, 0.03492672877943724]
ap: [0.7881882719449742, 0.7414398402615658, 0.687676533020977, 0.6106242781450183, 0.5141129407834792, 0.39671228680886994, 0.27215000564580316, 0.14535548700925924, 0.042539207788751934, 0.0014601970572420634]
map50: 0.7881882719449742, map50_95: 0.4200259048465941
rss: 3.370258914908959
第3次
train_loss为11.554274040063122
pre: [0.9361207383375225, 0.9345041024902836, 0.9303628572377672, 0.9174962075494679, 0.8716546157168008, 0.7512484636423027, 0.5339991806092281, 0.24564006599417568, 0.043173035399895913, 0.002624265039696161], rec: [0.9878940849283694, 0.9861880389819814, 0.9818177569001378, 0.968239500806282, 0.9198625815045923, 0.792797214237304, 0.5635326836336442, 0.25922550188132465, 0.045560774965528524, 0.0027694033513286126]
ap: [0.9355930395091225, 0.9314816704610587, 0.9238245320661164, 0.8976315641966723, 0.8239274048428202, 0.6273800797809668, 0.3247506147973842, 0.07414248250745997, 0.0028975393773395873, 1.4954753909425824e-05]
map50: 0.9355930395091225, map50_95: 0.554164388229285
rss: 1.9988790447006275
第4次
train_loss为11.467707673571319
pre: [0.9589810212381382, 0.9580885675553548, 0.9567555354722097, 0.9544170808856756, 0.9502372345232716, 0.942295526434704, 0.9254970628106642, 0.882275192046995, 0.7021577044735653, 0.1679281518300949], rec: [0.9889442904075119, 0.9880239520958084, 0.9866492695542767, 0.9842377501805727, 0.9799273049232274, 0.9717374589342715, 0.9544141289405624, 0.9098417950092034, 0.7240965539737645, 0.1731750506768564]
ap: [0.957737878680087, 0.9563903100866965, 0.9546167656771112, 0.9510699484445433, 0.9449431328273845, 0.9315728000844996, 0.9045650629730985, 0.8285575859146744, 0.5416871882698664, 0.03293056634922638]
map50: 0.957737878680087, map50_95: 0.8004071239307187
rss: 0.9123745527427809
第5次
train_loss为11.452939426076066
pre: [0.9494507498062811, 0.9479351839190483, 0.94508637586034, 0.9406878162176945, 0.9335088199097498, 0.9210196453803728, 0.8944345685765076, 0.7995920506859929, 0.46284014768220977, 0.12034504763207074], rec: [0.9896192127705062, 0.9880395277573224, 0.9850701950257738, 0.9804855452882628, 0.9730028268047605, 0.9599852721096516, 0.9322754590588404, 0.8334204337601254, 0.4824215502292325, 0.12543649191153763]
ap: [0.9519286479340501, 0.9487774769858186, 0.9455296898958099, 0.9377975317592828, 0.925591931023935, 0.9054089163161957, 0.8503356225211964, 0.687632499539902, 0.2246832549602339, 0.016049936175913927]
map50: 0.9519286479340501, map50_95: 0.7393735507112338
rss: 1.0674472941303466
第6次
train_loss为11.406582019885992
pre: [0.9521959154165913, 0.9514616844388216, 0.9502078438460149, 0.9481407012470631, 0.9446389842761612, 0.9369916862461594, 0.9214937646846195, 0.8869058377010663, 0.7666726911259715, 0.35405747334176757], rec: [0.9932835293285885, 0.9925176160064101, 0.9912096717177669, 0.9890533311337874, 0.98540051375109, 0.977423231918554, 0.961256569179648, 0.9251761600641011, 0.7997549077369028, 0.36933518723634906]
ap: [0.9536284319414974, 0.9517825544850425, 0.9490359915487201, 0.946687142765072, 0.9392380473223779, 0.9259983892442549, 0.8959336310194985, 0.8378773268593682, 0.6321191540641935, 0.13773139009048166]
map50: 0.9536284319414974, map50_95: 0.8170032059340506
rss: 0.9245196284572201
第7次
train_loss为11.424401638771842
pre: [0.9277427987718188, 0.9086151897826789, 0.8856763957419863, 0.8552824936380689, 0.8152471296639228, 0.7640291035949391, 0.6926798962975352, 0.5879977539097502, 0.3861363663516565, 0.05556683910586492], rec: [0.9109497442635259, 0.8921683637558069, 0.8696447843836517, 0.8398010417155459, 0.8004903570925813, 0.7501994275256909, 0.6801417108535498, 0.5773544179062456, 0.3791469194312796, 0.05456102482286143]
ap: [0.8586906902322418, 0.8256179801840225, 0.7847305910386777, 0.7414195012001209, 0.6808719163788418, 0.5941544985607337, 0.4912670666241596, 0.35310354786440223, 0.15023571308412786, 0.004149254407092597]
map50: 0.8586906902322418, map50_95: 0.5484240759574421
rss: 3.3587796857072107
第8次
train_loss为11.394580374671252
pre: [0.9526562942008486, 0.9519094766619519, 0.9507666195190948, 0.9491371994342291, 0.9459236209335219, 0.9397793493635078, 0.9277397454031118, 0.9004016973125885, 0.7927920792079208, 0.2872984441301273], rec: [0.9946011719119175, 0.993821472450619, 0.9926282960022682, 0.9909271335412532, 0.987572063132029, 0.9811572630186183, 0.9685875626122294, 0.9400458368774218, 0.827698232681221, 0.2999480200359134]
ap: [0.9576611881458186, 0.9549857574433803, 0.9535566333664437, 0.948646068734508, 0.9428703678860688, 0.9318957554032167, 0.9063447546030392, 0.8604584071064371, 0.6692611487748357, 0.09459521017189515]
map50: 0.9576611881458186, map50_95: 0.8220275291635643
rss: 0.9942026772529363
第9次
train_loss为11.371154388157784
pre: [0.9604957136276305, 0.9598889925058706, 0.9591923867734795, 0.9580351224116042, 0.9557543004168398, 0.9506982910688404, 0.9355864409064863, 0.8440502005550374, 0.40833455052076895, 0.022976753592575533], rec: [0.9960385426497489, 0.9954093700117679, 0.9946869866126045, 0.9934868980623813, 0.9911216749973785, 0.9858785696808696, 0.9702075104570823, 0.8752840015379776, 0.42344483670639776, 0.023827000827245506]
ap: [0.9652492771863677, 0.964396075147794, 0.9626714331555654, 0.9607909815977829, 0.9572317563987525, 0.9491951239947867, 0.916654042203142, 0.7575288916023705, 0.1852424572740818, 0.0007838386080787703]
map50: 0.9652492771863677, map50_95: 0.7619743877168722
rss: 0.6325975785524103
第10次
train_loss为11.319869727672007
pre: [0.9630265192995925, 0.9625862244149158, 0.9619201372816871, 0.9607347279767886, 0.9591316030120686, 0.9556769816092213, 0.9492983505876244, 0.9293834742653285, 0.743420978357813, 0.23582871400024838], rec: [0.9959718378927458, 0.9955164804371431, 0.9948276063376417, 0.9936016439571731, 0.9919436757854916, 0.98837087113384, 0.9817740259436991, 0.9611778579518255, 0.7688535500367789, 0.24389645872009527]
ap: [0.9708468478482173, 0.9708458587807446, 0.9689650238987416, 0.9680746777376377, 0.9657231959878008, 0.9587090331056474, 0.9469327922260717, 0.9144075995761807, 0.5897917795033214, 0.05826853566169839]
map50: 0.9708468478482173, map50_95: 0.8312565344326062
rss: 0.661959482165833
第11次
train_loss为11.354511999695648
pre: [0.9607245640765194, 0.9603182664635178, 0.9598329665368771, 0.9587495062355398, 0.9570001692906721, 0.953885220924327, 0.9474747474747475, 0.9289769200383725, 0.7872354833248688, 0.1570001692906721], rec: [0.9929313783812157, 0.9925114602652483, 0.9920098914045095, 0.9908901097619297, 0.9890821289848479, 0.9858627567624313, 0.9792373820438348, 0.9601194433752085, 0.8136263428631417, 0.16226335864506422]
ap: [0.9667704896738587, 0.9654469102046749, 0.96500395039885, 0.9632355375606173, 0.9601495285622716, 0.95443068377394, 0.9408646325274015, 0.9063335861027142, 0.6806673350449909, 0.03020985436515663]
map50: 0.9667704896738587, map50_95: 0.8333112508214476
rss: 0.9695420192288675
第12次
train_loss为11.345299965524577
pre: [0.9712259694731211, 0.9706910092536736, 0.96960970668245, 0.9681527937443801, 0.9644991292668769, 0.9558031801677727, 0.9230567854581877, 0.7679979967447101, 0.4455080414764902, 0.13774656544156982], rec: [0.9951019836966029, 0.9945538723483656, 0.9934459877083115, 0.9919532589301333, 0.9882097750411083, 0.9793000501463573, 0.9457486384680871, 0.7868779810843275, 0.4564601336458734, 0.14113284119931427]
ap: [0.9759688926055368, 0.9750581236594412, 0.9743689478282916, 0.9743654524372958, 0.9685000560301681, 0.951538418740911, 0.8917258388785958, 0.6229096278574943, 0.22014286224782567, 0.021737870820580606]
map50: 0.9759688926055368, map50_95: 0.7576316091106141
rss: 0.7341703021251915
第13次
train_loss为11.3636424766838
pre: [0.9712017700931808, 0.9707569657500655, 0.9700726513760421, 0.9689435326589035, 0.9670046419325038, 0.963252318114942, 0.9554169185323738, 0.9363701684553885, 0.8794124020575053, 0.5543744796359448], rec: [0.9940581114366763, 0.9936028390320208, 0.9929024199479355, 0.9917467284591948, 0.989762207720953, 0.9859215764098852, 0.9779017778971084, 0.958406780056734, 0.9001085649580333, 0.5674211736689119]
ap: [0.9720622217296908, 0.9720589946151298, 0.9711431170295062, 0.9679516075394479, 0.9654448885251894, 0.961765735955559, 0.9487783330446548, 0.9199488193987369, 0.8211532884046355, 0.3405573343985526]
map50: 0.9720622217296908, map50_95: 0.8840864340641102
rss: 0.6187850306143218
第14次
train_loss为11.324643758143116
pre: [0.969865955457033, 0.9692078556336808, 0.9676491981573205, 0.9651322549732719, 0.9604331913223189, 0.9463706372022676, 0.8608638426102317, 0.5552053386904968, 0.21253160610993732, 0.03163497396464734], rec: [0.9911273671169842, 0.990454840422394, 0.9888620140404696, 0.9862898944015103, 0.9814878178278568, 0.9671169842487168, 0.87973570880774, 0.5673765559554008, 0.217190726210843, 0.03232847619609463]
ap: [0.9678604419782069, 0.9660783748549121, 0.9633821992603233, 0.9560979255812669, 0.9490915412866933, 0.9264868786695383, 0.771591310610544, 0.3247421899921366, 0.05293471651289177, 0.0014074358713050382]
map50: 0.9678604419782069, map50_95: 0.6879673014617819
rss: 0.46963586305872324
第15次
train_loss为11.316265110482831
pre: [0.9716228436680823, 0.971176409986378, 0.9704438008676839, 0.9691159468400509, 0.9671241657986012, 0.9634725672226101, 0.9552993967421788, 0.9318673519614464, 0.8099222747513135, 0.2106594626769995], rec: [0.9959635783347414, 0.9955059607622266, 0.9947549985919459, 0.9933938796583122, 0.9913522012578616, 0.987609124190369, 0.9792312024781752, 0.9552121468131043, 0.8302121468131043, 0.21593682530742514]
ap: [0.9751637175054103, 0.9737746076409035, 0.9728730668409619, 0.9709701762434475, 0.9671932780538518, 0.9583163408806596, 0.9443546520957565, 0.9107267733780924, 0.7059482701530405, 0.05580457537889711]
map50: 0.9751637175054103, map50_95: 0.843512545817102
rss: 0.519582474786507
第16次
train_loss为11.302143970348121
pre: [0.9629956245972255, 0.9626225282366109, 0.9619893950185983, 0.961017083290936, 0.959547309749121, 0.9568451876222456, 0.9514974731201031, 0.9386426076043822, 0.8753179798527966, 0.43975624371106514], rec: [0.9966418216070112, 0.9962556895966675, 0.9956004352760844, 0.9945941518551888, 0.993073025753835, 0.9902764939213461, 0.9847419351064203, 0.9714379322045797, 0.9059007991762517, 0.4551209295250576]
ap: [0.972517560267094, 0.9720732186003889, 0.971185733357701, 0.9702816528971167, 0.9680147210952356, 0.961281842364677, 0.9508849076525195, 0.9264485836915821, 0.8314066606218015, 0.2189043395693355]
map50: 0.972517560267094, map50_95: 0.8742999220117452
rss: 1.148257220587593
第17次
train_loss为11.316707806491108
pre: [0.9635014129583603, 0.9629453088647533, 0.9624232519605507, 0.9612202512682578, 0.9589390895781553, 0.954263275566602, 0.9369219070965692, 0.8758866455574092, 0.7255115590208029, 0.3383723173652015], rec: [0.9944011713030747, 0.9938272327964861, 0.9932884333821377, 0.9920468521229868, 0.9896925329428989, 0.9848667642752562, 0.9669692532942898, 0.9039765739385066, 0.7487789165446559, 0.34922401171303075]
ap: [0.9678908010839817, 0.9666106490134856, 0.9661915249866995, 0.9644720411996366, 0.9606199554483086, 0.9507713933798317, 0.9207125637310775, 0.8098574167285861, 0.5678143267484896, 0.12870716327742798]
map50: 0.9678908010839817, map50_95: 0.8203647835597525
rss: 1.1106561299585573
第18次
train_loss为11.332680354648868
pre: [0.973907212800148, 0.9734910230176071, 0.9729939074440167, 0.9719649938149574, 0.9705083295760645, 0.9679996300535266, 0.9624851154348605, 0.9463924438432815, 0.8644261783373218, 0.3371715279945433], rec: [0.9971237497780671, 0.996697638634077, 0.9961886725454223, 0.9951352311061135, 0.9936438421021483, 0.9910753388175416, 0.9854293661596734, 0.9689530685920578, 0.8850328460673492, 0.34520920873527844]
ap: [0.9752444031156414, 0.9751145739384017, 0.9742005728518878, 0.9723779947687105, 0.971022091076514, 0.9678392178493317, 0.9556746463567528, 0.9287540498078227, 0.7835200364189262, 0.12114169032588373]
map50: 0.9752444031156414, map50_95: 0.8624889276509873
rss: 0.5701446507921987
第19次
train_loss为11.308616924267287
pre: [0.9663375839846428, 0.9658690982220394, 0.9654234654234655, 0.9643722290781114, 0.9624754330636683, 0.9586589880707528, 0.9452671511495041, 0.8943964532199826, 0.737510855157914, 0.4008524155582979], rec: [0.99659435062869, 0.9961111962196113, 0.9956516103182927, 0.9945674589613359, 0.9926112728172616, 0.988675332021353, 0.9748641864740334, 0.9224006882004266, 0.760602882428499, 0.4134034103630729]
ap: [0.9693509897643122, 0.9684456940475867, 0.9679879821248704, 0.9656387137879894, 0.9636821680856522, 0.9547200135710062, 0.9332185618735918, 0.8489010806063888, 0.5930074116545841, 0.18399754159567389]
map50: 0.9693509897643122, map50_95: 0.8348950157111655
rss: 0.940453249549127
第20次
train_loss为11.28964199702238
pre: [0.9733529526721769, 0.972996585775213, 0.9724677832829438, 0.9717550494890158, 0.9703410776075136, 0.967835013622412, 0.9630642954856361, 0.9511202565841658, 0.8985503914288013, 0.4989251514559312], rec: [0.9958365186709791, 0.9954719200235225, 0.9949309026756836, 0.9942017053807704, 0.992755072037636, 0.9901911202587474, 0.9853102028815054, 0.9730902675683623, 0.9193060864451632, 0.5104498676859747]
ap: [0.9753604405225937, 0.9749158379127488, 0.9744716429752152, 0.9726675804271141, 0.9708964669987094, 0.9659566891798405, 0.9538704638046953, 0.9355229675748249, 0.8345208221137345, 0.2594258830543979]
map50: 0.9753604405225937, map50_95: 0.8817608794563874
rss: 0.6619732878357076
第21次
train_loss为11.304162064085178
pre: [0.973322038618641, 0.9730087263275158, 0.972579372447085, 0.9717322688451541, 0.9705254363163758, 0.9676824173783884, 0.9620079836613442, 0.9436734125510583, 0.7750533791310806, 0.32164407723728183], rec: [0.9961638954869358, 0.9958432304038005, 0.9954038004750594, 0.9945368171021378, 0.9933016627078385, 0.9903919239904988, 0.98458432304038, 0.9658194774346793, 0.7932422802850356, 0.32919239904988123]
ap: [0.9754685069636723, 0.9745178108203257, 0.9740367113546571, 0.9729290169453377, 0.9705774768420088, 0.9658694362522908, 0.954654911308621, 0.9184465968968978, 0.6261731222771187, 0.11925136053603477]
map50: 0.9754685069636723, map50_95: 0.8451924950196965
rss: 0.7956818550583159
第22次
train_loss为11.30798969477585
pre: [0.9713388433499994, 0.9709080190016213, 0.9703184698933143, 0.9694341462308538, 0.9681189982200152, 0.9650805528156639, 0.9593777989410791, 0.9403761776810312, 0.7874108590410757, 0.19756697617994853], rec: [0.997345843567745, 0.9969034841623692, 0.9962981502392233, 0.9953901493545045, 0.9940397890644098, 0.9909199911528119, 0.9850645495500739, 0.9655541715656031, 0.808493300583216, 0.20285671047576917]
ap: [0.9752708845303342, 0.9743666903620781, 0.973463906631484, 0.9712153123119667, 0.9701238240052226, 0.9665883233809134, 0.9577584319436984, 0.9223017143074941, 0.65501140220367, 0.04400377077969785]
map50: 0.9752708845303342, map50_95: 0.841010426045656
rss: 0.6019936828240002
第23次
train_loss为11.290687641946047
pre: [0.9755668895168516, 0.9752567371976015, 0.9747283295425828, 0.9736025914949342, 0.971408551014313, 0.9674454936016725, 0.9591403037195304, 0.929917062972408, 0.777827555310497, 0.14994141567303054], rec: [0.9958840498135509, 0.9955674382607472, 0.9950280259856, 0.9938788433124605, 0.991639109735219, 0.9875935176716152, 0.9791153638687586, 0.9492835197823589, 0.7940265953704355, 0.15306409624991205]
ap: [0.9795054121004372, 0.978910134167558, 0.9779990316244181, 0.9761935617646688, 0.973005199556007, 0.9661913651233439, 0.951843610727165, 0.8966589988875006, 0.6446368659148234, 0.02857245964813046]
map50: 0.9795054121004372, map50_95: 0.8373516639514053
rss: 0.4956293307098731
第24次
train_loss为11.288642431360579
pre: [0.9779288883766496, 0.9774563476056013, 0.9767763499106783, 0.9752665245202559, 0.9700916268080447, 0.949518815190457, 0.8751916095199678, 0.7446435774793984, 0.5364029274477036, 0.20329626001267792], rec: [0.996500211396627, 0.9960186968572368, 0.9953257856907972, 0.9937872880161601, 0.9885141165969841, 0.9675506177479213, 0.8918119039789543, 0.7587847042796073, 0.5465894677502701, 0.2071569502513271]
ap: [0.9826041757112811, 0.9817445167299814, 0.9802992171146221, 0.9768011651191351, 0.9711028879132729, 0.9269852885578579, 0.7937876282514276, 0.5871188153163478, 0.31614983113742495, 0.050635379913320844]
map50: 0.9826041757112811, map50_95: 0.7567228905764671
rss: 0.5273766894167414
第25次
train_loss为11.307283902782062
pre: [0.9791490788819373, 0.9787558834753848, 0.9782239132194609, 0.9772987475569844, 0.9757028367892125, 0.9724300632582021, 0.9642307825745048, 0.8756461703923859, 0.41086607070578574, 0.0777948676434874], rec: [0.9972321354958011, 0.9968316785037042, 0.9962898837496909, 0.9953476320035806, 0.9937222477415404, 0.9903890321896752, 0.982038326089773, 0.8918177213997149, 0.4184540004475696, 0.07923159370104707]
ap: [0.9837886198994424, 0.9837863466189936, 0.9833063405259805, 0.9819033852522476, 0.9785890617050882, 0.9753287487216654, 0.9622401436079911, 0.8097350563380781, 0.18335615073729328, 0.00792937013003388]
map50: 0.9837886198994424, map50_95: 0.7849963223536813
rss: 0.32601202671224994
第26次
train_loss为11.255962522530691
pre: [0.9719715018784936, 0.9717080546137634, 0.9711926143132045, 0.9705168148080271, 0.9690163108219555, 0.966565105837075, 0.9616054247228076, 0.9481237973059654, 0.8747709154219738, 0.3471089526253093], rec: [0.9977659411854621, 0.9974955024868603, 0.9969663832939434, 0.9962726492410079, 0.9947323244794055, 0.9922160687619787, 0.9871247663056898, 0.9732853598598422, 0.8979858196056298, 0.35632062271449905]
ap: [0.9750199667851024, 0.9745552247413595, 0.9745537005531156, 0.9736528340819468, 0.9718548596067299, 0.9682650675281997, 0.9588029568463, 0.9376090337981194, 0.8094677404392037, 0.13617146572962716]
map50: 0.9750199667851024, map50_95: 0.8679952850109703
rss: 0.6261524253031852
第27次
train_loss为11.287629715841016
pre: [0.9758542979349676, 0.9751529227797452, 0.9740031274433151, 0.9722899323920342, 0.9687945545692866, 0.9610909258152049, 0.9356804488800994, 0.7703743733615417, 0.2300395529595732, 0.006657314997930369], rec: [0.9956010182176499, 0.9948854505143876, 0.993712388705761, 0.9919645266109072, 0.988398418712682, 0.9805389045948831, 0.9546142386242331, 0.7859631423979729, 0.23469447605194318, 0.006792027871948573]
ap: [0.9777621692760998, 0.9772769256502861, 0.9744690466262752, 0.9700462090416075, 0.963202025359112, 0.9556695082803954, 0.9045779592801301, 0.6263342000254057, 0.06290454714681135, 9.31718281040056e-05]
map50: 0.9777621692760998, map50_95: 0.7412335762514227
rss: 0.5360839390068404
第28次
train_loss为11.279146796771641
pre: [0.9825448444664054, 0.982154143157556, 0.9816944945589097, 0.9809245831561771, 0.9791894096962872, 0.9757075715615412, 0.9681808257587075, 0.9242728933730163, 0.5167829194580743, 0.04055249761557289], rec: [0.9957725319389288, 0.995376570743126, 0.9949107340421816, 0.9941304575680995, 0.9923719240220341, 0.9888432110123796, 0.9812151350344137, 0.9367160841766918, 0.5237402028718833, 0.041098442940827096]
ap: [0.9837177464616913, 0.982823656313711, 0.9818790641300097, 0.9805047311344963, 0.9763634144092256, 0.9697971243070165, 0.9572677635757488, 0.8794155293172728, 0.2862416720799063, 0.002039893632535754]
map50: 0.9837177464616913, map50_95: 0.8000050595361614
rss: 0.33450857286888797
第29次
train_loss为11.295449280009583
pre: [0.9847314928948532, 0.9842896016001116, 0.9835802497848687, 0.9821964323092309, 0.979824173779566, 0.9758006372537619, 0.9671837570063028, 0.9440193501872224, 0.869374607530758, 0.5362118287322372], rec: [0.9952284132711225, 0.9947818115575823, 0.9940648982805834, 0.9926663297566021, 0.9902687837154912, 0.9862023575869404, 0.9774936241729054, 0.9540822922420581, 0.8786418606837707, 0.5419276740277599]
ap: [0.9868292900631332, 0.9863719149492438, 0.9850076115958385, 0.9845558189651757, 0.9804780116757097, 0.9694918818042378, 0.9548345348809959, 0.909779193397735, 0.7679561239096989, 0.2998179428410448]
map50: 0.9868292900631332, map50_95: 0.8825122324082815
rss: 0.22932002200260435
第30次
train_loss为11.292224233618372
pre: [0.972277839433429, 0.9720261318261387, 0.9711909202201298, 0.9697722046154023, 0.9672322460327448, 0.9623582714552132, 0.9509627815978856, 0.9208265162523026, 0.8119858586089722, 0.23040399070970105], rec: [0.9949421626937667, 0.9946845876457641, 0.9938299068046644, 0.9923781201704679, 0.9897789537769869, 0.9847913642111179, 0.9731302393106355, 0.9422914812906852, 0.8309136889430057, 0.23577483257621878]
ap: [0.972577374897608, 0.9716916306900805, 0.9697396915695162, 0.9666481148426173, 0.9622381294051019, 0.9556256084432286, 0.9368232066577495, 0.879501276978945, 0.6878031883732192, 0.06225949436460225]
map50: 0.972577374897608, map50_95: 0.8364907716222669
rss: 0.6184372221332305
第31次
train_loss为11.298030804829729
pre: [0.9830012604507556, 0.9827006024723337, 0.9823305618835066, 0.9816829908530592, 0.9805381777813754, 0.9788267400580501, 0.9748256761913573, 0.965354949871064, 0.9171109081027325, 0.35937879436150655], rec: [0.9978870015377933, 0.9975817906488079, 0.997206146477749, 0.9965487691783957, 0.9953866200241821, 0.9936492657330344, 0.9895876131334593, 0.9799734701304189, 0.9309988613286064, 0.364820923380328]
ap: [0.9857960326577726, 0.985795058492388, 0.9848843369918007, 0.983476174963234, 0.9816826571674016, 0.9788608064288741, 0.9718263224047985, 0.9578653301235769, 0.8647220635714756, 0.1499997256890888]
map50: 0.9857960326577726, map50_95: 0.8844908508490411
rss: 0.277241390231293
第32次
train_loss为11.307595904143458
pre: [0.9818926517719747, 0.9814761249117773, 0.9808976153837253, 0.9800761318538916, 0.9785951474620787, 0.9763621006837983, 0.9715604716009673, 0.9518448668849576, 0.7522706498976038, 0.20017586689652778], rec: [0.9982708120125631, 0.9978473374033948, 0.9972591782239946, 0.996423992189246, 0.9949183046899813, 0.992648010257496, 0.9877662890684735, 0.9677218242345108, 0.7648186705249909, 0.20351483925609626]
ap: [0.9863228020188827, 0.9858052762616437, 0.9858052762616436, 0.9829557049358195, 0.9818086751391093, 0.9795140781431468, 0.9722848662959761, 0.941530374865422, 0.6088761827275643, 0.04606198410707399]
map50: 0.9863228020188827, map50_95: 0.8470965220756282
rss: 0.38190860672504384
第33次
train_loss为11.282579830156346
pre: [0.9787691882810522, 0.978527536765552, 0.9780672481645992, 0.9772617431129318, 0.9762606154058595, 0.9742123311316195, 0.969390808036639, 0.955202411912269, 0.8534210950265817, 0.26566707325493083], rec: [0.9971044734127357, 0.9968582950389197, 0.9963893838506986, 0.995568789271312, 0.9945489074369315, 0.9924622526493482, 0.9875504079527337, 0.9730962205758229, 0.8694082340804652, 0.2706438150614274]
ap: [0.9814831240560699, 0.98148312405607, 0.9810431320800093, 0.979257796451083, 0.9777424029583601, 0.9738823034968335, 0.9661876241562991, 0.942658930448971, 0.7680994640780425, 0.07792721525854962]
map50: 0.9814831240560699, map50_95: 0.8629765117040288
rss: 0.46050848576187337
第34次
train_loss为11.270923335927211
pre: [0.9772814966384098, 0.9768254896229173, 0.9759134755919322, 0.9743583747442268, 0.9715404852382344, 0.9657643963753288, 0.9523998830751242, 0.9101783104355452, 0.7679625840397545, 0.3960830166617948], rec: [0.9748763646542876, 0.9744214798917608, 0.9735117103667071, 0.971960436689372, 0.9691494821311935, 0.9633876084725203, 0.9500559858169264, 0.9079383222916861, 0.7660725949426146, 0.39510823924605765]
ap: [0.9581744828701263, 0.9563131101649016, 0.9549217997925016, 0.9512128635306567, 0.9461350899295008, 0.9378388933669395, 0.9122738859215629, 0.8322603277364663, 0.6028363401865258, 0.16110891480708195]
map50: 0.9581744828701263, map50_95: 0.8213075708306263
rss: 1.6090448397071218
第35次
train_loss为11.279232968381795
pre: [0.9846549996504556, 0.9843404096660685, 0.9837927900636171, 0.9829072775149722, 0.9814508424020693, 0.9781068673828444, 0.9697294526134271, 0.9313727774800177, 0.781558036026379, 0.22657469764407057], rec: [0.9973917148589637, 0.9970730555883395, 0.9965183524135489, 0.9956213855777175, 0.9941461111766788, 0.9907588811518943, 0.9822731027971202, 0.9434202761713679, 0.7916676501829341, 0.22950548802077186]
ap: [0.9836372452077856, 0.9831643168567391, 0.9817908947100868, 0.9808483392713385, 0.9780935713591056, 0.9701980762908166, 0.9560855359930797, 0.8830968470617477, 0.6448379197430718, 0.05833609251718575]
map50: 0.9836372452077856, map50_95: 0.8420088839010956
rss: 0.31844073955408825
第36次
train_loss为11.277552593257003
pre: [0.9624962907165194, 0.9620968294186126, 0.9613663859024402, 0.9601223492889589, 0.9578967792006209, 0.9533543335844233, 0.9437558492547193, 0.9232349517222489, 0.849939510146317, 0.492273277180488], rec: [0.9970442883828711, 0.996630488756473, 0.995873826582488, 0.9945851363174197, 0.9922796812560593, 0.9875741883615899, 0.9776311744815682, 0.9563736965311769, 0.8804473765103686, 0.5099430138800217]
ap: [0.9668280742839387, 0.9655224465262197, 0.9641764538454335, 0.963264208625179, 0.9597356000872443, 0.9500956934264079, 0.9312312823589121, 0.8932112522693504, 0.7657088100830536, 0.2607119544009162]
map50: 0.9668280742839387, map50_95: 0.8620485775906654
rss: 0.9606927946218744
第37次
train_loss为11.251544647884037
pre: [0.9840199519674857, 0.9836966561980417, 0.9832117125438758, 0.9825651210049879, 0.9812603916497321, 0.9791358765933863, 0.975568076852023, 0.9654650840569, 0.9228939589876224, 0.5841839091077037], rec: [0.997460235718215, 0.9971325241979846, 0.9966409569176391, 0.9959855338771784, 0.9946629838133917, 0.9925094509661638, 0.9888929202607647, 0.9786519352535668, 0.9354993504289509, 0.5921630130733488]
ap: [0.986979623989748, 0.9856535017079517, 0.9847607571162481, 0.9843080996221505, 0.9834150057766189, 0.977637450585729, 0.970978407930486, 0.9514301119651177, 0.8842861541649442, 0.35827166564174706]
map50: 0.986979623989748, map50_95: 0.9067720778500741
rss: 0.3594762551745851
第38次
train_loss为11.281586695238754
pre: [0.9764466280822469, 0.976193489742144, 0.9758828199611087, 0.9751464175171731, 0.9742029018858807, 0.9726265404043309, 0.9694623111530452, 0.9625355256647758, 0.9392813172398716, 0.6924023979104581], rec: [0.9964071012586887, 0.9961487882772873, 0.9958317678001127, 0.9950803118542175, 0.9941175089235393, 0.9925089235393575, 0.9892800112718392, 0.9822116287807627, 0.9584820589892917, 0.7065564531279354]
ap: [0.9817852329729052, 0.9813288057101841, 0.980382615891005, 0.9798819440667839, 0.9779864754042967, 0.9751333110534292, 0.9686158682257364, 0.955896038527848, 0.9220670762416808, 0.5036736366780349]
map50: 0.9817852329729052, map50_95: 0.9226751004771904
rss: 0.5714723366908662
第39次
train_loss为11.26814627707594
pre: [0.9743548627257838, 0.9740456091722314, 0.9734271020651265, 0.9724764337338357, 0.9704261972121365, 0.9666006162163401, 0.9571855635859667, 0.9110609687653911, 0.5992532099373475, 0.055551101286265704], rec: [0.9973035710098713, 0.9969870336936387, 0.9963539590611737, 0.9953808999038665, 0.993282374733288, 0.9893666908954489, 0.9797298881568149, 0.9325189336209524, 0.6133672536284556, 0.056859480878801376]
ap: [0.9773940085555196, 0.9769329497430979, 0.974722930953128, 0.972881468476102, 0.9711070409640142, 0.9644678979587296, 0.9464721361370315, 0.8698218193889873, 0.38238483891150254, 0.0041426526129721775]
map50: 0.9773940085555196, map50_95: 0.8040327743701084
rss: 0.6786137725688821
第40次
train_loss为11.268243231799191
pre: [0.9832324760463943, 0.982911566497043, 0.9821780589556687, 0.9811465639756108, 0.9788658139641498, 0.9735364232338514, 0.9614450098565076, 0.9278068124512905, 0.8058841058084628, 0.3473731261174529], rec: [0.9971638789766717, 0.996838422465798, 0.9960945218695152, 0.9950484116559924, 0.9927353457394256, 0.9873304429695582, 0.9750677065777086, 0.940952890170051, 0.8173026629316658, 0.35229504957400065]
ap: [0.9882377402397248, 0.9873406447556609, 0.9861847534285464, 0.9847951247926032, 0.9802634988443409, 0.9673852003086105, 0.9502123081373056, 0.8864021409675062, 0.686265633574896, 0.1334691857810858]
map50: 0.9882377402397248, map50_95: 0.855055623083028
rss: 0.27957060688344243
第41次
train_loss为11.249773243228084
pre: [0.9833434734195815, 0.9831138865611332, 0.9826661921871592, 0.9820348283264266, 0.9810016874634095, 0.9789698437661428, 0.9752160986305144, 0.9628298876172328, 0.8068715346733553, 0.26646998725792936], rec: [0.9973802787383422, 0.9971474146261949, 0.9966933296075076, 0.9960529532991023, 0.9950050647944392, 0.9929442174019351, 0.9891368891683259, 0.9765738703179759, 0.8183892789362768, 0.27027373176382924]
ap: [0.9849667136635473, 0.984966750563229, 0.9844773528348227, 0.9826559315240114, 0.9812899852263892, 0.9767547281146598, 0.970427270399534, 0.9472671779341642, 0.682215049310509, 0.07820334491089993]
map50: 0.9849667136635473, map50_95: 0.8573224304481766
rss: 0.326599504149371
第42次
train_loss为11.250860449544383
pre: [0.9831643611002056, 0.9828872312417727, 0.9824715364541234, 0.9815015819496086, 0.9800697443477056, 0.9770905983695527, 0.9696427334241703, 0.9474030622849356, 0.6275721114985797, 0.053220479896538185], rec: [0.9977617624655768, 0.9974805179586336, 0.9970586511982188, 0.9960742954239175, 0.9946211988047109, 0.9915978203550712, 0.9840393742309721, 0.9614695025487784, 0.6368899044940528, 0.0540106638542216]
ap: [0.9865842395654455, 0.9865842395654456, 0.9861018652244539, 0.985617512420467, 0.9828009921476376, 0.9768358042171401, 0.9630319360688688, 0.924585142195901, 0.41563466646764624, 0.0029044620112742957]
map50: 0.9865842395654455, map50_95: 0.821068085988428
rss: 0.5378490769693565
第43次
train_loss为11.268935209236203
pre: [0.980093225388147, 0.9798595777988061, 0.9794390121379922, 0.9788665755441068, 0.9778268437715394, 0.9759927101952126, 0.9728384677391091, 0.9647893082863117, 0.9388544258694611, 0.6045748197992967], rec: [0.9979065313841872, 0.9976686372232993, 0.9972404277337013, 0.9966575870395261, 0.9955989580235753, 0.9937314888606059, 0.9905199176886204, 0.9823244638460349, 0.9559182119874867, 0.6155630360052813]
ap: [0.9854076616847445, 0.9839662715933016, 0.9829964747120254, 0.9825078991157173, 0.9800985883711786, 0.976723408655729, 0.9719283741077936, 0.952029464264371, 0.8972970531824391, 0.38161652613328023]
map50: 0.9854076616847445, map50_95: 0.909457172182058
rss: 0.4821339216671962
第44次
train_loss为11.256984477818623
pre: [0.9739144265945602, 0.9736531164080074, 0.9731532186598196, 0.9724260946624554, 0.9711990729169033, 0.9689381717375991, 0.9641777818173556, 0.9537367356677043, 0.9148128791838033, 0.5463200708945898], rec: [0.9981950929818229, 0.9979272680694482, 0.997414907367514, 0.9966696554374279, 0.9954120428054077, 0.9930947750852964, 0.9882157038555143, 0.9775143519219348, 0.9376200845395158, 0.5599403798455931]
ap: [0.9798279461219049, 0.9798246352314584, 0.9780518987629192, 0.9767233326949185, 0.9741765406938779, 0.9694968977207791, 0.9613016546230618, 0.9389251514611788, 0.8642339682378603, 0.30893407469012835]
map50: 0.9798279461219049, map50_95: 0.8931496100238088
rss: 0.5622470279835081
第45次
train_loss为11.274459842389884
pre: [0.9804680787692026, 0.9801931426345755, 0.979792194104911, 0.9790132083901344, 0.9780051092298352, 0.9757827088082665, 0.9706734789731135, 0.9504313060611962, 0.6966881651449716, 0.056533742682689334], rec: [0.9982388411341396, 0.9979589218442015, 0.9975507062130419, 0.9967576015582174, 0.9957312308284445, 0.9934685499014451, 0.988266716430096, 0.9676576587084057, 0.7093154807030639, 0.0575584039935152]
ap: [0.9840327671011608, 0.98311085228079, 0.9831103022866705, 0.9812708364729292, 0.9784036953594438, 0.9750428351238555, 0.9658583534547596, 0.9291005711358589, 0.5130881307547369, 0.004347258229254058]
map50: 0.9840327671011608, map50_95: 0.8297365602199459
rss: 0.31877141297441075
第46次
train_loss为11.274679830217963
pre: [0.9779315376109977, 0.9777035576276403, 0.9773045926567647, 0.9766434507050281, 0.9753667627982263, 0.9733719379438486, 0.9691429092525676, 0.9561024542045209, 0.8927354178303145, 0.36980633100413784], rec: [0.9978946633787745, 0.9976620294979761, 0.9972549202065789, 0.9965802819522636, 0.9952775322197925, 0.9932419857628065, 0.9889266272739962, 0.9756199692923277, 0.9109593821244126, 0.3773554180430838]
ap: [0.9825121040217494, 0.9825113270225805, 0.9820677046863755, 0.9806980959936124, 0.978444165464108, 0.9752855762015887, 0.964485125899749, 0.9436736631548974, 0.8285565434265748, 0.1629006920780716]
map50: 0.9825121040217494, map50_95: 0.8781134997949307
rss: 0.7465549460265706
第47次
train_loss为11.243421469434333
pre: [0.9847067935128136, 0.9842444138760129, 0.983724236784612, 0.9826260851472102, 0.9807765666000069, 0.9774243142332012, 0.9700146805534684, 0.9510339964627957, 0.8246772012160585, 0.34613739610907535], rec: [0.9977862371888726, 0.9973177159590044, 0.9967906295754027, 0.9956778916544656, 0.9938038067349927, 0.990407027818448, 0.9828989751098096, 0.9636661786237188, 0.8356310395314788, 0.35073499267935576]
ap: [0.9866175763451688, 0.9848051017777534, 0.9842808594375365, 0.9824494625587321, 0.9806150283692892, 0.9746580151291506, 0.9580969238141448, 0.9259880146978293, 0.7003527529080144, 0.1274118303156965]
map50: 0.9866175763451688, map50_95: 0.8605275565353315
rss: 0.27291850747779234
第48次
train_loss为11.233002634392356
pre: [0.9818593842133864, 0.9816281462811159, 0.9812234798996428, 0.9803678995502422, 0.9790845290261414, 0.9766218450474616, 0.970655906394885, 0.9527696523337689, 0.8663907227341573, 0.34150374027355446], rec: [0.9963161105636116, 0.9960814679243513, 0.9956708433056455, 0.994802665540382, 0.9935003988924868, 0.9910014547843634, 0.984947674691445, 0.9667980665446525, 0.8791473086489277, 0.34653198179173117]
ap: [0.9831991300502954, 0.9827146659740494, 0.9822306341259835, 0.9822306341259837, 0.9808113428085524, 0.9761711618410881, 0.9631080573017107, 0.9328071101221547, 0.7800308633219779, 0.1334802515359464]
map50: 0.9831991300502954, map50_95: 0.8696783851207742
rss: 0.5484854519785982
第49次
train_loss为11.244706575826752
pre: [0.9734546964767772, 0.9731432131238319, 0.9726932927251333, 0.9718395976096537, 0.9704321543111604, 0.9679518239080778, 0.9629104081585566, 0.9468978565330749, 0.8425393968759374, 0.2485175699683902], rec: [0.9977651649521107, 0.9974459028024122, 0.9969847463639588, 0.9961097315833037, 0.9946671396476292, 0.9921248669741043, 0.9869575499586142, 0.9705451105593, 0.863580465886248, 0.2547238973631311]
ap: [0.9794746049361022, 0.9785490921915251, 0.9785448100328475, 0.9767307176227448, 0.9758151680861182, 0.9694670152944302, 0.9604187110272916, 0.9291671459248977, 0.7492651619461167, 0.06979953529302035]
map50: 0.9794746049361022, map50_95: 0.8567231962355095
rss: 0.8592558428707041
第50次
train_loss为11.236948833126121
pre: [0.9780974999713168, 0.9777991945754311, 0.9773517364816026, 0.9765600798540598, 0.9752980185637743, 0.971878979795546, 0.9647425968632041, 0.9432760816438922, 0.7267866772220883, 0.15292740852923967], rec: [0.9972626456412896, 0.9969584951569884, 0.9965022694305367, 0.9956951008375836, 0.9944083103270788, 0.9909222778531656, 0.9836460624210378, 0.9617589256469047, 0.7410275607131159, 0.1559239155865425]
ap: [0.9787076100565649, 0.9787068262986949, 0.9773918762664406, 0.9748544068415882, 0.9715053210882694, 0.9685592970628216, 0.958234299202136, 0.9137802684360706, 0.5506038046499413, 0.024310235787881534]
map50: 0.9787076100565649, map50_95: 0.8296653945690409
rss: 0.5373860591293694
第51次
train_loss为11.256288126989201
pre: [0.980751614528466, 0.980476801172537, 0.9799157239041817, 0.9788737232629506, 0.976984381440938, 0.9736866211697889, 0.9664956716896441, 0.9468121650712225, 0.7676911097879356, 0.15143360967343014], rec: [0.9945310141427277, 0.9942523397041406, 0.9936833793920252, 0.9926267388123824, 0.990710852047096, 0.9873667587840506, 0.9800747776410209, 0.9601147209772184, 0.7784770441931214, 0.15356122709644457]
ap: [0.9797259446694996, 0.9795436053458523, 0.9788358755957995, 0.9784043499682756, 0.9751056506057652, 0.9688749150320817, 0.961346686347608, 0.9248630894166173, 0.6306068997291215, 0.028052813000802056]
map50: 0.9797259446694996, map50_95: 0.8405359829711422
rss: 0.6056518754087419
第52次
train_loss为11.252129658012482
pre: [0.9862512306712226, 0.985973243759773, 0.9855910117565297, 0.9851161174494701, 0.9841779116233277, 0.9823941622748595, 0.9788150807899462, 0.9687380552498986, 0.9061446690218335, 0.5637806219957143], rec: [0.9968740853480068, 0.9965931042556928, 0.996206755253761, 0.9957267458877246, 0.9947784347011649, 0.9929754726921501, 0.9893578411286074, 0.979172276532225, 0.9159047005795236, 0.5698530703038108]
ap: [0.9906997932113694, 0.9902726533810542, 0.9898419512763998, 0.9885150303442912, 0.9861737712525748, 0.9832077838723159, 0.9777867405823913, 0.9591974624320277, 0.8417898365472457, 0.3486321981388371]
map50: 0.9906997932113694, map50_95: 0.9056117221038507
rss: 0.2784965565427909
第53次
train_loss为11.25537159565854
pre: [0.9834194106237293, 0.9826248510200744, 0.9812343717136781, 0.9782898273001333, 0.9726461171741722, 0.9620247248253138, 0.9408053095277045, 0.8835385945642775, 0.6693930966792082, 0.08901404500946461], rec: [0.9921840001886214, 0.9913823591823262, 0.9899794874213095, 0.9870087001626859, 0.9813146912503242, 0.9705986372102893, 0.9491901068068752, 0.8914130101619786, 0.6753589701270837, 0.08980737038172258]
ap: [0.9817839073819359, 0.9808926066493427, 0.9777628194421029, 0.9739989428247431, 0.9624338980223691, 0.9454494321596352, 0.9082756730260051, 0.8125075885917491, 0.48132739018932463, 0.009341134175521428]
map50: 0.9817839073819359, map50_95: 0.8033773392462729
rss: 0.34312851203455796
第54次
train_loss为11.245445816550463
pre: [0.9752557288987942, 0.9747871306931825, 0.9738727927310132, 0.9722955597462712, 0.9691525230013144, 0.9615292302417281, 0.940602320132579, 0.8697068403908795, 0.5648094176810103, 0.12444139665123721], rec: [0.9957988096627378, 0.9953203407632163, 0.9943867429104913, 0.9927762866145408, 0.9895670439957988, 0.9817831718987047, 0.9604154510444626, 0.8880266075388027, 0.5767067335745127, 0.12706266775586417]
ap: [0.9759476304086481, 0.9745797071949992, 0.9727566318972747, 0.9691370571772112, 0.9655138868693216, 0.9513821214492506, 0.9163299288193397, 0.7866610648468737, 0.33855485377268985, 0.017459769741585387]
map50: 0.9759476304086481, map50_95: 0.7868322652177194
rss: 0.627589660886942
第55次
train_loss为11.268624799773349
pre: [0.9804975376843853, 0.9802784088943223, 0.9799554822563346, 0.9792750296977176, 0.977891058392056, 0.9755498402666452, 0.9688029801515449, 0.9428765843588176, 0.8147554407371954, 0.34565836668319744], rec: [0.9978520874658153, 0.9976290801535229, 0.9973004377985657, 0.996607941407763, 0.9951994741722321, 0.9928168170987922, 0.985950539325579, 0.9595652531132994, 0.8291763987840233, 0.3517764293008134]
ap: [0.9828039027378522, 0.9823647727637629, 0.981379460543909, 0.9804695936824874, 0.9778077595920399, 0.9737716956077078, 0.9602089174406772, 0.9164004599881191, 0.704781141414663, 0.13488111672531072]
map50: 0.9828039027378522, map50_95: 0.859486882049653
rss: 0.7904393133051112
第56次
train_loss为11.265699275894518
pre: [0.9748648772444118, 0.9745671491388788, 0.9740862037376329, 0.9732502748259436, 0.9717272810553316, 0.9683377610846464, 0.9609289116892634, 0.9396299010626603, 0.7667300293147673, 0.22267772077684134], rec: [0.9963252074385291, 0.9960209252519105, 0.9955293924889113, 0.9946750617341744, 0.99311854131801, 0.9896544056549674, 0.9820824604725736, 0.9603145809683196, 0.7836085526700762, 0.22757966926866946]
ap: [0.9749260984450896, 0.9739566345918701, 0.9729674941721576, 0.9724930049690966, 0.969096340866867, 0.962082420467276, 0.9499902032947609, 0.9106832134837185, 0.6161963641034408, 0.05847611798993854]
map50: 0.9749260984450896, map50_95: 0.8360867892384215
rss: 0.648886765439984
第57次
train_loss为11.262177970478128
pre: [0.9762437340124115, 0.9756931300687108, 0.9745919221813093, 0.9727795175332943, 0.9682255640822695, 0.9573167234476984, 0.9223648439381947, 0.8239099762552049, 0.4671300916526148, 0.03481422852357847], rec: [0.99294139608685, 0.9923813746193604, 0.9912613316843812, 0.989417927687228, 0.9847860834665328, 0.9736906581418955, 0.9381409620702127, 0.8380021234147309, 0.4751198795953845, 0.03540969070481035]
ap: [0.978920869117977, 0.978920869117977, 0.9770526999460692, 0.975186315080916, 0.9645726620423974, 0.9412317605084086, 0.8791654682416784, 0.7177924726693438, 0.23741739422091035, 0.0017191785158280782]
map50: 0.978920869117977, map50_95: 0.7651979689461507
rss: 0.5923294176884355
第58次
train_loss为11.248921403178786
pre: [0.9822475737588734, 0.9819503663652679, 0.9815388484356603, 0.9808301231124473, 0.9796527245916256, 0.9778580491763926, 0.9739829220059213, 0.964895234393754, 0.9164161360752621, 0.376847544038134], rec: [0.9977242116018764, 0.9974223213041661, 0.9970043193534903, 0.9962844271051042, 0.9950884770795597, 0.9932655241280015, 0.9893293390924713, 0.9800984626817147, 0.9308555106590497, 0.38278528633133624]
ap: [0.9846998849048223, 0.9846978017375836, 0.9841652060269503, 0.9833405804426426, 0.98092544189837, 0.9763220506146761, 0.9703256304233878, 0.9583865911704111, 0.8635731545962751, 0.1615829212830243]
map50: 0.9846998849048223, map50_95: 0.8848019263098144
rss: 0.42662579457179545
第59次
train_loss为11.250114527507833
pre: [0.9853275518574944, 0.9849994140396109, 0.984472049689441, 0.9837454588069846, 0.982186804172038, 0.9786710418375718, 0.9711473104418141, 0.9525372084847065, 0.8973163014180241, 0.5631665299425759], rec: [0.9963264919182823, 0.9959946911883206, 0.995461440015168, 0.9947267383988245, 0.9931506849315068, 0.9895956771104897, 0.9819879603735128, 0.9631701189742617, 0.9073327961321515, 0.5694530027966062]
ap: [0.9882973810165335, 0.9878348179390425, 0.9873696535526838, 0.985001592693976, 0.9845321018424333, 0.9783473693925537, 0.9652050636771636, 0.9235321591604536, 0.8269537463449826, 0.33415701819280547]
map50: 0.9882973810165335, map50_95: 0.8961230903812629
rss: 0.32350739372535736
第60次
train_loss为11.232798405486086
pre: [0.9837745024603294, 0.9835094552704058, 0.9829447895179598, 0.9819076483399979, 0.9800868893831315, 0.9762609908155386, 0.9674337670119962, 0.9385897184737891, 0.8109522108392777, 0.14921004413611902], rec: [0.9979542691480408, 0.9976854016646404, 0.9971125970260918, 0.9960605068736557, 0.994213504161601, 0.9903324604881698, 0.9813780043018797, 0.9521182081735715, 0.8226409800804264, 0.15136070326381745]
ap: [0.9898353410727082, 0.9888951710875097, 0.9884249264990387, 0.986580390662116, 0.9837900731292546, 0.9777539285155605, 0.9639222132096087, 0.9072758997799677, 0.6903462710503944, 0.024898104270672773]
map50: 0.9898353410727082, map50_95: 0.8501722319276832
rss: 0.3522347819139893
第61次
train_loss为11.228499241754347
pre: [0.981178481114973, 0.9809590891770493, 0.9806357747422145, 0.9800584275371523, 0.9789152800711292, 0.9768830179093103, 0.9724489913744327, 0.9553710610486935, 0.7026084546724709, 0.10571227324688522], rec: [0.9981088636737379, 0.9978856860948622, 0.9975567928207296, 0.9969694834026358, 0.99580661075481, 0.9937392816031198, 0.9892287452721592, 0.9718561326849438, 0.7147320694434656, 0.10753635445298]
ap: [0.989307119916627, 0.9883470431714304, 0.9873836308387587, 0.9849862393161787, 0.9840062631545243, 0.9802142047951081, 0.9711455544207307, 0.9432786134623785, 0.524800620055937, 0.01442673154281177]
map50: 0.989307119916627, map50_95: 0.8367896020674485
rss: 0.6187591513119307
第62次
train_loss为11.251531337465938
pre: [0.9839706786364638, 0.9836923112611202, 0.9832979574793834, 0.9826368349629423, 0.9817321409930756, 0.9799459503346207, 0.9761415962049248, 0.9671294524281754, 0.908881079137525, 0.2896180567637473], rec: [0.9981292797138621, 0.9978469068404828, 0.9974468786031955, 0.9967762430289197, 0.995858531190437, 0.9940466385862532, 0.9901875426500694, 0.9810457208744147, 0.9219591971197967, 0.2937854436783773]
ap: [0.989765072957951, 0.9888476402346161, 0.9874655711221976, 0.9865420113426369, 0.9856279771050971, 0.9810536451898926, 0.972771164104791, 0.9554029361271962, 0.837074079106878, 0.09107661431127131]
map50: 0.989765072957951, map50_95: 0.8775626711602527
rss: 0.4653500984142196
第63次
train_loss为11.250759555424574
pre: [0.979372197309417, 0.9784868345406462, 0.9770380591008394, 0.9748189030700242, 0.9709784983327584, 0.9634816603426469, 0.9486949522823962, 0.912406576980568, 0.7715304127860182, 0.14106013567896977], rec: [0.9954072152298146, 0.994507356636165, 0.9930348607556475, 0.9907793710339025, 0.9868760883030069, 0.9792565064450911, 0.9642276992836191, 0.9273451834192289, 0.7841624887517675, 0.1433696782713366]
ap: [0.9786068627934005, 0.9762396528541208, 0.97543623127713, 0.9693867066269781, 0.9594803330220941, 0.943119918372906, 0.9158682274653721, 0.8474143679139929, 0.6262966496327953, 0.02324551148026108]
map50: 0.9786068627934005, map50_95: 0.8215094461439051
rss: 0.4750224417727073
第64次
train_loss为11.241011460522715
pre: [0.9895572844308604, 0.9892794294711494, 0.9887005649717514, 0.9880522367324257, 0.9864082615541354, 0.9834676298971937, 0.9764633694544781, 0.9576502732240437, 0.8800013892747985, 0.4743099935167176], rec: [0.9963398144262601, 0.99606005501935, 0.9954772229216208, 0.994824450972164, 0.9931692078146128, 0.990208420758148, 0.9831561523756236, 0.9642141091994219, 0.8860330116100154, 0.4775609642374225]
ap: [0.9903850610386659, 0.9899116535673659, 0.9894367155458693, 0.9884808338969651, 0.9842324255148919, 0.9808217331232095, 0.9725152915110024, 0.9439641049892364, 0.8044231403671084, 0.23872118911167328]
map50: 0.9903850610386659, map50_95: 0.8882892148665988
rss: 0.260004151145063
第65次
train_loss为11.248370583101757
pre: [0.9866314802597312, 0.9863768417884881, 0.9858096924661736, 0.9848258620090975, 0.9827887542391518, 0.9778696019537716, 0.9553225227727815, 0.8730164241813951, 0.621734550968205, 0.1389631584430015], rec: [0.9970874127101098, 0.996830075680481, 0.9962569159326713, 0.9952626592272871, 0.9932039629902563, 0.9882326794633354, 0.9654466552034717, 0.8822683089448012, 0.628323449251968, 0.14043583535108958]
ap: [0.9915030392948232, 0.9910534573308959, 0.9901303379978419, 0.9896516555233972, 0.9864307669703503, 0.97752490046508, 0.9416472791016836, 0.8023460191127997, 0.43719519902877835, 0.024486343090971627]
map50: 0.9915030392948232, map50_95: 0.8131968997916621
rss: 0.30610725556805063
第66次
train_loss为11.257949301938288
pre: [0.9778249423007782, 0.977105876622247, 0.975876506268629, 0.9731046240562263, 0.9680015773053594, 0.9547684492536794, 0.9183396541526043, 0.8399267016921239, 0.5921621841040093, 0.025294874917365436], rec: [0.9959482127247383, 0.9952158196895599, 0.9939636638552224, 0.9911404068325183, 0.985942778840929, 0.9724643844354667, 0.9353604082500532, 0.8554941290429277, 0.6031374772603776, 0.025763696931036927]
ap: [0.9772467796322618, 0.9756454869046529, 0.9729037698183682, 0.968757577605856, 0.9556962938880347, 0.929724277161402, 0.8774820889443294, 0.7486991185001303, 0.3924269438933887, 0.0010838508028918174]
map50: 0.9772467796322618, map50_95: 0.7799666187151316
rss: 0.4420042659539771
第67次
train_loss为11.227811760931077
pre: [0.9879451103005037, 0.9877019280875456, 0.9873313647154189, 0.9867176191303341, 0.9857796305946384, 0.9838110126802154, 0.9802675004342539, 0.9720340455098141, 0.9397255515025187, 0.5876903479821667], rec: [0.9965773826906679, 0.9963320756480194, 0.9959582744401743, 0.9953391661896808, 0.9943929818823227, 0.9924071629656454, 0.988832688915626, 0.9805272933288166, 0.9479365005198173, 0.5928253530669221]
ap: [0.9868150108446614, 0.9863715569785305, 0.9854978577264829, 0.9843255802425326, 0.983438553903244, 0.9803505629618741, 0.9750443130722413, 0.9595790389843087, 0.900285573190292, 0.35371260797606985]
map50: 0.9868150108446614, map50_95: 0.9095420655880238
rss: 0.2441025845136171
第68次
train_loss为11.27079871783641
pre: [0.9844008673957143, 0.9841327208711265, 0.983608086366498, 0.9828386224263763, 0.9812414018233964, 0.9785249609438758, 0.972719005759321, 0.9560706041457785, 0.880768064914776, 0.5178958658801035], rec: [0.9969301974119202, 0.9966586379522056, 0.9961273259658071, 0.9953480683857561, 0.9937305185604988, 0.9909795031642581, 0.9850996505147823, 0.9682393501464059, 0.891978369698687, 0.5244875791064513]
ap: [0.9879193455502111, 0.9874304369958642, 0.9860129958498589, 0.9848654848270751, 0.9819180906613992, 0.9782509613418121, 0.9682967936374478, 0.9378944435619786, 0.8061195496148963, 0.2882878554593419]
map50: 0.9879193455502111, map50_95: 0.8906995957499886
rss: 0.36389478625641325
第69次
train_loss为11.23596677969451
pre: [0.9775571711222565, 0.9771085446095799, 0.9762573045598859, 0.9743017530943726, 0.9707587539686191, 0.9643054341324253, 0.9507316063129803, 0.9099871163668154, 0.738335710670409, 0.26100860442644824], rec: [0.9944648582863295, 0.9940084723945046, 0.9931425094202729, 0.9911531350200108, 0.98754885669483, 0.9809839211739649, 0.9671753223956748, 0.9257261216560957, 0.7511058581224986, 0.26552297142322184]
ap: [0.9812226935841137, 0.9812226935841137, 0.9803479776169521, 0.9762702261524292, 0.9721855282295517, 0.9617530416289762, 0.9348970155600298, 0.8565196284398185, 0.5658065027559217, 0.07554720339278545]
map50: 0.9812226935841137, map50_95: 0.8285772510944692
rss: 1.00740754288107
第70次
train_loss为11.263155507602786
pre: [0.9877357044304768, 0.9875706081439639, 0.9871932452033633, 0.9867569193032937, 0.9858842675031545, 0.9840800009434073, 0.9808606233564076, 0.9715208905765398, 0.9282420783263954, 0.6375782733286949], rec: [0.9982361423957476, 0.9980692910007508, 0.9976879163836152, 0.9972469519825521, 0.996365023180426, 0.9945415757922462, 0.9912879735898078, 0.9818489518157008, 0.9381100504129573, 0.6443562515642318]
ap: [0.992796609048874, 0.9924228556152633, 0.9924216921669279, 0.9919164635121921, 0.9899749844670046, 0.9848976925216096, 0.9782373184967847, 0.9601572342585645, 0.8894601507537493, 0.44818345487614547]
map50: 0.992796609048874, map50_95: 0.9220468455717116
rss: 0.2064860823737412
第71次
train_loss为11.205032352845201
pre: [0.984633308091105, 0.9842721500553387, 0.9836663365759888, 0.9827343158385274, 0.9804858158094018, 0.975662608493039, 0.9597949554377585, 0.8210403681481913, 0.3964350206792101, 0.06976175219898642], rec: [0.9964629315223543, 0.9960974344463309, 0.9954843425768722, 0.9945411243161668, 0.9922656102622147, 0.9873844557630636, 0.9713261648745519, 0.8309045463120166, 0.401197887191096, 0.07059988681380872]
ap: [0.9848035885407319, 0.9833822304780333, 0.9829063902142283, 0.9808519414195528, 0.9758518573673615, 0.9655605287050286, 0.9358647292630781, 0.6925362629278417, 0.17605057507715285, 0.0073133816505924175]
map50: 0.9848035885407319, map50_95: 0.7685121485643601
rss: 0.28134914899061414
第72次
train_loss为11.227235726008823
pre: [0.9862625838926175, 0.986006245339299, 0.9857848620432513, 0.9853537472035794, 0.9845031692766593, 0.9832098247576435, 0.9803201901565995, 0.971721196868009, 0.9035118381804623, 0.10908370618941089], rec: [0.9975134345243707, 0.9972541717733572, 0.9970302630338456, 0.9965942302253229, 0.9957339492787781, 0.9944258508532101, 0.9915032525690581, 0.9828061657396059, 0.9138187046290186, 0.11032808522673707]
ap: [0.9880683351692875, 0.9871925252163676, 0.9871926084354009, 0.9860372607617082, 0.9843475161264419, 0.9816060007129265, 0.9763606562066203, 0.9593295168387879, 0.830521285571119, 0.0140468844602912]
map50: 0.9880683351692875, map50_95: 0.869470258949895
rss: 0.2734164405047392
第73次
train_loss为11.241852503032641
pre: [0.9844297301385964, 0.9837547857051424, 0.9824630817031874, 0.9805313441867501, 0.9773195396413485, 0.9705584583338182, 0.9576065073952963, 0.927338740646783, 0.7939673932016804, 0.08443787601968976], rec: [0.9973002923700839, 0.996616523625389, 0.9953079317174385, 0.9933509384136565, 0.9900971423182118, 0.983247665754975, 0.9701263793266057, 0.9394628878619259, 0.8043478260869565, 0.08554182778458927]
ap: [0.9870785555477274, 0.984742897416915, 0.9823883843484809, 0.9799407930486556, 0.9735234015601077, 0.9612171549639102, 0.9382852951120904, 0.87921271229127, 0.6545036524907362, 0.009472231843826846]
map50: 0.9870785555477274, map50_95: 0.835036507862372
rss: 0.35436554868386433
第74次
train_loss为11.240068368211816
pre: [0.9821131639722864, 0.9816974595842957, 0.9806466512702079, 0.9787528868360277, 0.9750115473441109, 0.9679099307159353, 0.9485334872979215, 0.8488683602771363, 0.5004157043879908, 0.1652540415704388], rec: [0.998098881626043, 0.9976764108762748, 0.9966084987032495, 0.9946839097320831, 0.9908816729841691, 0.9836644643422952, 0.9639726332836539, 0.8626852710267213, 0.508560900332109, 0.16794385833147524]
ap: [0.986298359128099, 0.9858203329948707, 0.9844128369980348, 0.9809249807644315, 0.9719032183405666, 0.9629173104680782, 0.9234524818165454, 0.7570742024444892, 0.276397141766884, 0.03374280094675559]
map50: 0.986298359128099, map50_95: 0.7862943665668756
rss: 0.49065207769419156
第75次
train_loss为11.220579555155412
pre: [0.9710709254784292, 0.9697538852686189, 0.967555000744414, 0.963638237685674, 0.9559535943745204, 0.9405728552286496, 0.8975686292474547, 0.7649942164756004, 0.474065760390302, 0.09136823299013938], rec: [0.9929851270640591, 0.9916383651481439, 0.9893898582972245, 0.9853847054690245, 0.9775266424639888, 0.9617988054807355, 0.9178241011828083, 0.7822578756294648, 0.4847640238903853, 0.09343014404497013]
ap: [0.9733430130157078, 0.9719977422414516, 0.9661360589492793, 0.9603012588094092, 0.9473251131649909, 0.9200493604353462, 0.8389055132529307, 0.6374056589889108, 0.2593753841560859, 0.009762389851755727]
map50: 0.9733430130157078, map50_95: 0.7484601492865869
rss: 1.404332419767425
第76次
train_loss为11.256861604277669
pre: [0.9827566200190304, 0.982431711109564, 0.9816774582840168, 0.98043584209427, 0.9778249669289145, 0.9709554642716238, 0.9508691313328228, 0.8818491958504491, 0.6621643574926316, 0.2529531899092576], rec: [0.9952290300594608, 0.9948999976497686, 0.9941361724129827, 0.9928787985616583, 0.9902347881266305, 0.983278102893135, 0.9629368492796541, 0.8930409645350067, 0.6705680509530189, 0.2561634821029871]
ap: [0.9830304028440042, 0.9821021397453458, 0.9811977171993839, 0.9780851921005637, 0.973590147817752, 0.9632283009578386, 0.9289242263942606, 0.8137640378507575, 0.48357430054302675, 0.07605051959539005]
map50: 0.9830304028440042, map50_95: 0.8163546985048322
rss: 0.5537485121851411
第77次
train_loss为11.222115372140484
pre: [0.9838136141128659, 0.9836058003140298, 0.9833518056710077, 0.9827976355407777, 0.9815392075367138, 0.9794957051814908, 0.9758820541239493, 0.9659878082571349, 0.8982289646254733, 0.3912441119423663], rec: [0.9966666276798559, 0.9964560989017416, 0.9961987859507129, 0.9956373758757412, 0.9943625071638265, 0.9922923075123685, 0.9886314459818244, 0.9786079369349349, 0.9099638592264238, 0.3963555129299758]
ap: [0.9876342248568055, 0.9876342248568055, 0.9876324989004721, 0.9861538587504529, 0.9841389444799428, 0.9802964871755735, 0.9725514396857351, 0.9516941648545386, 0.831549930522685, 0.17100327697800496]
map50: 0.9876342248568055, map50_95: 0.8840289051061015
rss: 0.361650197445668
第78次
train_loss为11.244174068325876
pre: [0.9851046373227637, 0.9848041878040606, 0.9840530640073032, 0.9830823809468782, 0.9814183528432925, 0.9779400718767695, 0.9705097241642303, 0.9473751112241007, 0.8563157955556583, 0.41508256583888975], rec: [0.9943892965041001, 0.9940860152340515, 0.9933278120589298, 0.9923479802633881, 0.9906682686138879, 0.9871572046798633, 0.9796568255782757, 0.9563041677845303, 0.8643866136313266, 0.4189947392364311]
ap: [0.9840737838897116, 0.9836080878876633, 0.9822134034293466, 0.9803882710871116, 0.9776537241610307, 0.9730860174892065, 0.9562962632125276, 0.9114491473686511, 0.7700815153802942, 0.19249381254961645]
map50: 0.9840737838897116, map50_95: 0.871134402645516
rss: 0.4330296902205042
第79次
train_loss为11.246045933133695
pre: [0.9872113841932708, 0.9868858557909178, 0.9866300834747832, 0.9857813844257911, 0.984514148859488, 0.9824098402585626, 0.9767363452461227, 0.9541935033831702, 0.7091519985118702, 0.09739112237542726], rec: [0.9985183443085607, 0.9981890874882409, 0.9979303857008467, 0.9970719661335842, 0.9957902163687676, 0.9936618062088429, 0.9879233301975541, 0.9651222953904045, 0.7172742238946378, 0.0985065851364064]
ap: [0.9911158246275551, 0.9911151996275387, 0.9906632835954329, 0.9883707184883845, 0.986996720760972, 0.9837876321325353, 0.9741007162540478, 0.9331855944362665, 0.5400805740735102, 0.011873925552166207]
map50: 0.9911158246275551, map50_95: 0.8391290189548408
rss: 0.24569724696126546
第80次
train_loss为11.217942307669118
pre: [0.986949371549395, 0.9868553976271585, 0.986620462821567, 0.9858451779631152, 0.9845765300129214, 0.9822506754375661, 0.9746740279572419, 0.8476212850933866, 0.3682368142840362, 0.057194878421238105], rec: [0.9978266549488136, 0.9977316453290895, 0.9974941212797795, 0.9967102919170566, 0.9954276620507826, 0.9930761739626137, 0.9854160233723664, 0.8569630175055224, 0.37229519488848245, 0.05782522980451771]
ap: [0.989243407330434, 0.9892413755583006, 0.9878253167323832, 0.9873255759283706, 0.9846164639588253, 0.9793640747668417, 0.9671528092504564, 0.7401212297866405, 0.1546956754073544, 0.004703647828999237]
map50: 0.989243407330434, map50_95: 0.7784289576548606
rss: 0.42444204880998115
第81次
train_loss为11.248819967461653
pre: [0.9821436842836629, 0.9818889249154662, 0.9815299458057344, 0.9809277872990875, 0.9799550697114271, 0.9779748946222613, 0.9740608643290565, 0.9655959053221548, 0.9223331326138311, 0.5300152855620918], rec: [0.9980113669792782, 0.9977524916748055, 0.997387712836685, 0.996775825753386, 0.9957873927726721, 0.993775225633362, 0.9897979595919184, 0.9811962392478496, 0.9372345057246744, 0.5385783038960733]
ap: [0.9842979597627568, 0.9841815503916377, 0.9838383520790177, 0.9818223346502015, 0.9813526390694236, 0.9784623512428009, 0.9758107215734333, 0.9612799505433683, 0.892269420880704, 0.309871671292765]
map50: 0.9842979597627568, map50_95: 0.9033186951486109
rss: 0.4133888747453505
第82次
train_loss为11.258858192619343
pre: [0.9663373966652655, 0.9631147540983607, 0.9581757040773434, 0.9491149409182196, 0.9318808089299893, 0.8978562421185372, 0.8221825230021952, 0.6148591845313157, 0.2188594647611041, 0.02865349586661062], rec: [0.9734297812279463, 0.9701834862385321, 0.9652081863091038, 0.956080922135968, 0.9387203011056222, 0.9044460127028935, 0.8282168901434956, 0.6193719124911785, 0.22046577275935075, 0.028863796753705012]
ap: [0.9519212990173569, 0.9461370013186693, 0.9403344602872016, 0.9261689912971125, 0.8964167281141566, 0.8333190666666761, 0.7024733909921518, 0.4109174604555942, 0.05597994202926938, 0.0011512873848864883]
map50: 0.9519212990173569, map50_95: 0.6664819627563074
rss: 1.6816658741256254
第83次
train_loss为11.237760895100505
pre: [0.9814797836251948, 0.9811245071972128, 0.9806546254698817, 0.9798294673145687, 0.9786834143210782, 0.9767580452920143, 0.9727812414046025, 0.9632231594388925, 0.9323370312643257, 0.6851219400385073], rec: [0.9982282730324505, 0.9978669339798583, 0.9973890339425587, 0.9965497948526669, 0.9953841850055949, 0.993425960462514, 0.9893812942931742, 0.9796601081685938, 0.9482469227900038, 0.6968132226781052]
ap: [0.9845005879594299, 0.98450058795943, 0.9831530063419432, 0.9811078651898849, 0.98006787461763, 0.9756135111224881, 0.9680646036627846, 0.9503545421710516, 0.8861615473116499, 0.49373534258865187]
map50: 0.9845005879594299, map50_95: 0.9187259468924944
rss: 0.5399108297252863
第84次
train_loss为11.232563170838581
pre: [0.9785134763476347, 0.9782728272827282, 0.9777915291529153, 0.9768518518518519, 0.9753964979831317, 0.9723711954528786, 0.9658049138247158, 0.9454185001833517, 0.8262628346167951, 0.24146268793546022], rec: [0.9959178436884032, 0.9956729143097074, 0.9951830555523158, 0.9942266646450274, 0.9927454250691051, 0.9896663128797863, 0.982983239832515, 0.9622342224658557, 0.8409591901001878, 0.24575747326187616]
ap: [0.9815951581428384, 0.9806033975007733, 0.9796121381276701, 0.9786213800235297, 0.9776311231883511, 0.9684625915546597, 0.9584410876622428, 0.9207818751486587, 0.7026197423896992, 0.06296761067886242]
map50: 0.9815951581428384, map50_95: 0.8511336104417285
rss: 0.7116877166289942
第85次
train_loss为11.220223979147463
pre: [0.9849713109570297, 0.9846608483677717, 0.9840974162613405, 0.9827980728322238, 0.9807283222371704, 0.9763588487587246, 0.9626984948313728, 0.8937528027872641, 0.654834592431612, 0.23144411098462636], rec: [0.9975660599284958, 0.9972516274790669, 0.9966809908115851, 0.9953650327824942, 0.993268816452969, 0.9888434708684158, 0.9750084430935495, 0.9051811480278098, 0.6632079097229501, 0.2344035682260187]
ap: [0.9867289278935841, 0.986729865135098, 0.9862391903694498, 0.9835471310869331, 0.979417561914682, 0.9725390244127915, 0.9520505250421917, 0.8312783485422186, 0.4663313659712389, 0.06346244839515677]
map50: 0.9867289278935841, map50_95: 0.8208324388763344
rss: 0.48833951228441547
第86次
train_loss为11.238589551712261
pre: [0.9831142299834951, 0.9828025992313109, 0.982456342839995, 0.9818099975762052, 0.9804942232892049, 0.9778280490760726, 0.9595803372537252, 0.6503502960492146, 0.30299742616082453, 0.06645814337322976], rec: [0.9985112244299865, 0.9981947130883301, 0.997843033819823, 0.997186565851943, 0.995850184631616, 0.9931422542641112, 0.9746087568137858, 0.6605357247523592, 0.30774280522829844, 0.0674989742688002]
ap: [0.9863329700442004, 0.9854424817442046, 0.984306701817236, 0.9834157428183697, 0.9797014708640206, 0.9757185862956198, 0.9503476416817959, 0.4604393330042344, 0.09934674983644604, 0.005703347495999415]
map50: 0.9863329700442004, map50_95: 0.7410755025602127
rss: 0.3782306133092749
第87次
train_loss为11.229667721630022
pre: [0.9821447205184988, 0.981970805458614, 0.9816577583508215, 0.9812287678697724, 0.980080928474533, 0.9779011930573108, 0.9721156187318114, 0.9501327551623787, 0.8393372676784658, 0.4399355354844694], rec: [0.9977150395156826, 0.9975383673132869, 0.9972203573489747, 0.9967845659163987, 0.9956185293805873, 0.9934042377772281, 0.9875269425108654, 0.965195576128052, 0.8526436050551807, 0.44691000318009966]
ap: [0.9857322816461461, 0.9843479560878247, 0.9839750507479864, 0.9835112239341942, 0.9817567013792055, 0.9772687129124293, 0.9691949653074114, 0.9288241502213028, 0.7329741752931291, 0.22233989855820316]
map50: 0.9857322816461461, map50_95: 0.8749925116087832
rss: 0.3880036027493731
第88次
train_loss为11.213567500774001
pre: [0.9846983555062824, 0.984444290465632, 0.9840516444937176, 0.9835897080561715, 0.9823655764966741, 0.9800443458980045, 0.9734155580192165, 0.9494641537324464, 0.7627725424981523, 0.24018385070214338], rec: [0.9982789706605475, 0.9980214016437586, 0.9976233404359941, 0.9971550331327417, 0.9959140187791229, 0.9935607745802796, 0.9868405647786077, 0.9625588311049711, 0.773292434495516, 0.24349638232608237]
ap: [0.9875434988566677, 0.9870800233645164, 0.9864800608575273, 0.9864300339251505, 0.9846487667866336, 0.9802125882998944, 0.9700887689490636, 0.917904359104317, 0.6186547584633317, 0.06227274938085918]
map50: 0.9875434988566677, map50_95: 0.848131560798796
rss: 0.3304187028654667
第89次
train_loss为11.240370104840379
pre: [0.9785333225324894, 0.9782555865436914, 0.9775959635702961, 0.9767396109381691, 0.9752814969969796, 0.9720412437943365, 0.9663013666925115, 0.9509101639799568, 0.8950620855658292, 0.5368752386793654], rec: [0.9940749100655992, 0.9937927629258658, 0.9931226634689991, 0.9922527097881545, 0.9907714373045543, 0.9874797206743317, 0.9816486797865087, 0.966013025792951, 0.909277938444899, 0.5454021772354283]
ap: [0.9786998555283964, 0.977804137233303, 0.9769092602640707, 0.9749614607668566, 0.9719423633205437, 0.9674190706383226, 0.9575127923070182, 0.9266336774457833, 0.8273189464041892, 0.30727778125800126]
map50: 0.9786998555283964, map50_95: 0.8866479345166486
rss: 0.8232595349638144
第90次
train_loss为11.234971092704937
pre: [0.9827297793057302, 0.9824298289129105, 0.9821298785200909, 0.9815530508415916, 0.980376322377453, 0.9782535965205754, 0.9740196813603904, 0.9620793484154544, 0.9016508808158651, 0.32908019058386495], rec: [0.9973889728008243, 0.9970845481049563, 0.9967801234090883, 0.9961946913016497, 0.9950004098024752, 0.9928460196471015, 0.9885489479785029, 0.976430503354526, 0.9151006357792687, 0.3339890172936645]
ap: [0.9870652211906784, 0.9853542115597422, 0.9844492688091466, 0.9838779552498702, 0.9805884680345183, 0.9777851628662793, 0.9695217976457509, 0.9443246940587888, 0.8311019502554573, 0.11947822172732435]
map50: 0.9870652211906784, map50_95: 0.8763546951397556
rss: 0.42270760894948445
第91次
train_loss为11.232556249567404
pre: [0.9807532251352477, 0.9804989133952929, 0.980152124658991, 0.9794816664354742, 0.9784181809774819, 0.9768691912886669, 0.9733088269293013, 0.9642923197854534, 0.9251745503306052, 0.6334905442271235], rec: [0.9980237851572149, 0.9977649951182788, 0.9974120996106386, 0.9967298349625343, 0.9956476220724377, 0.9940713554716448, 0.990448294926539, 0.981273011727894, 0.9414663984660808, 0.6446459869899189]
ap: [0.9846833280481485, 0.9842975572801222, 0.9842975572801224, 0.9833752827397196, 0.9815320305061704, 0.9770238796040912, 0.9692637236783298, 0.9589024952789128, 0.903024139730969, 0.4364465941838456]
map50: 0.9846833280481485, map50_95: 0.9162846588330431
rss: 0.398428363883129
第92次
train_loss为11.246483703031723
pre: [0.9829115515625357, 0.9825572091534646, 0.9820314107400041, 0.9811741307180577, 0.979848204284114, 0.9762019065907688, 0.9670347255560889, 0.9196900075440642, 0.5906887959216331, 0.059655259127174634], rec: [0.9971358333913124, 0.9967763630881977, 0.9962429555416406, 0.9953732693244277, 0.9940281546418053, 0.9903290892645933, 0.9810292446485308, 0.9329993738259236, 0.5992369952920986, 0.060518564901783437]
ap: [0.9867057558131547, 0.9846951145246761, 0.9838915154334071, 0.9834100114405733, 0.9811164302267134, 0.9750688434769909, 0.9551449689080886, 0.8725582195519405, 0.3651589440261918, 0.004749490558378904]
map50: 0.9867057558131547, map50_95: 0.8092499293960115
rss: 0.43660609369105985
第93次
train_loss为11.214042864518543
pre: [0.9881959884986554, 0.9879748087959676, 0.9875790135385261, 0.987113372059183, 0.9863450636182671, 0.9846920363665995, 0.9817468540097551, 0.9713863310943739, 0.8898059439134838, 0.3892995588046983], rec: [0.9984474423965843, 0.9982239681960927, 0.997824066995213, 0.9973535949941779, 0.9965773161924701, 0.9949071405887957, 0.9919314051822491, 0.9814634031592195, 0.8990367085778808, 0.39333811646534383]
ap: [0.9904489911157377, 0.9904489911157377, 0.989999835403768, 0.9897723708327072, 0.987852823003762, 0.9831426098908637, 0.9768720439609164, 0.9585790111105386, 0.8100662652886689, 0.16240433052101705]
map50: 0.9904489911157377, map50_95: 0.8839587272243717
rss: 0.20336742024337515
第94次
train_loss为11.234236363002017
pre: [0.9794213692351762, 0.9789974219421369, 0.9782182755657405, 0.9766714408478946, 0.9732111142938986, 0.9672071039816671, 0.9541907762818677, 0.9223374391291893, 0.8252649670581496, 0.33732454883987395], rec: [0.9939765340651419, 0.9935462864983662, 0.9927555612405083, 0.9911857390374083, 0.9876739886275102, 0.9815807528169588, 0.9683709896856867, 0.93604428061444, 0.8375292161354466, 0.34233752340197915]
ap: [0.9792723781385563, 0.9792721048950433, 0.9776265545033475, 0.9729944343198612, 0.9664537276071782, 0.9566385186274411, 0.9302213328222397, 0.8725984842029483, 0.718443665238524, 0.12491170978327426]
map50: 0.9792723781385563, map50_95: 0.8478432910138414
rss: 0.35834759853278086
第95次
train_loss为11.257926931438499
pre: [0.9862163864076311, 0.9860298061897987, 0.9855983394360613, 0.9848986636191898, 0.9835459570399049, 0.9805023672365137, 0.9714065816171841, 0.9362828556102339, 0.7514518273200084, 0.12370268442288407], rec: [0.998288419089439, 0.9980995549889633, 0.9976628067566132, 0.9969545663798293, 0.9955853016513805, 0.9925044560123706, 0.9832973311141802, 0.9477436641996293, 0.7606501646658876, 0.12521689861539007]
ap: [0.989189681399394, 0.9891897125538576, 0.9873264531356986, 0.9859269984782943, 0.9841163719596883, 0.9791091877136606, 0.9592100653320436, 0.8989542543742431, 0.5955581623778118, 0.018383194430951683]
map50: 0.989189681399394, map50_95: 0.8386964081755643
rss: 0.31233870093442184
第96次
train_loss为11.225967073868308
pre: [0.9826670200873564, 0.9824711020963225, 0.9821599382282099, 0.9816874301321871, 0.9806847910016019, 0.9792903158889491, 0.9759481854536654, 0.9692408754076823, 0.9479895356743613, 0.7326871881158451], rec: [0.9981621090091778, 0.997963101704439, 0.9976470312792658, 0.9971670724854842, 0.9961486233377037, 0.9947321595804458, 0.9913373290878441, 0.984524255478554, 0.9629378160704252, 0.7442404944746207]
ap: [0.9872164994076521, 0.9872164994076521, 0.9870119479188368, 0.986567341390689, 0.9856194235062623, 0.981882973968873, 0.9768110403167484, 0.9621228700947901, 0.9231431802190543, 0.557637554744181]
map50: 0.9872164994076521, map50_95: 0.9335229330974739
rss: 0.4644280480079406
第97次
train_loss为11.252497417808325
pre: [0.9861927895678855, 0.9859719671788196, 0.9856581669417261, 0.9852862555496154, 0.9844145882243556, 0.9830315427349434, 0.9802189628321053, 0.9733386020780549, 0.9466655819251063, 0.7239952581297506], rec: [0.9981179570423695, 0.9978944644411508, 0.9975768696920507, 0.9972004611005246, 0.9963182534641353, 0.9949184840143976, 0.9920718940409815, 0.9851083350977486, 0.9581127814242361, 0.7327499000164679]
ap: [0.9872466282669228, 0.9870414794865158, 0.9865684956852769, 0.9865684956852769, 0.9851720672175476, 0.9828323751810626, 0.9744174612058285, 0.9646902040883667, 0.9199172774595195, 0.5597000404143699]
map50: 0.9872466282669228, map50_95: 0.9334154524690688
rss: 0.3197597507532366
第98次
train_loss为11.228647677731553
pre: [0.9830304014475775, 0.9827520211569021, 0.9821372646816605, 0.981116536949184, 0.979411457668797, 0.9765812580469303, 0.9711528423787595, 0.9586025309408094, 0.9090624383793627, 0.365455325762936], rec: [0.9970353638737912, 0.996753017576057, 0.9961295028352274, 0.9950942330768687, 0.993364862003247, 0.9904943413096162, 0.9849885885037999, 0.9722594762476177, 0.9220135996800075, 0.37066186677960516]
ap: [0.9834034062803294, 0.9830643238084851, 0.980446301979533, 0.9786817648172289, 0.975174948880281, 0.9685060315428368, 0.9607320513007974, 0.9418359037212545, 0.8496942020158161, 0.15002735411838633]
map50: 0.9834034062803294, map50_95: 0.8771566288464948
rss: 0.3662586643578894
第99次
train_loss为11.22875751615141
pre: [0.9845484934196685, 0.9842562939760162, 0.9837770868884266, 0.9828069847355011, 0.9811823558287945, 0.9784824329694476, 0.9700787769700087, 0.9347927721545618, 0.7852217209378434, 0.30534841861661094], rec: [0.9959799470298902, 0.9956843548997352, 0.9951995838062807, 0.9942182179341658, 0.9925747256905032, 0.9898434544078698, 0.9813422247446084, 0.9456465191070753, 0.794338819523269, 0.30889377601210743]
ap: [0.9859604466475833, 0.9854894852990418, 0.9850464123574052, 0.9828678434228121, 0.9800272463868642, 0.9755995832326885, 0.9546927275800713, 0.8884375048135306, 0.6384484001411151, 0.11270615174564433]
map50: 0.9859604466475833, map50_95: 0.8489275801626757
rss: 0.8799424751351631
第100次
train_loss为11.223936110465667
pre: [0.9853068780008098, 0.9850407820905883, 0.9847052698559611, 0.9839763984497021, 0.9829814311332215, 0.9811997454734772, 0.9775206802799792, 0.9690634580898941, 0.9373170590617227, 0.6126800485914271], rec: [0.9965830768690687, 0.9963139356635501, 0.9959745837087658, 0.9952373708414758, 0.9942310167686673, 0.9924289408708473, 0.9887077711597646, 0.980153761540892, 0.9480440455433727, 0.6196917748107236]
ap: [0.9860361725900927, 0.9855841104014614, 0.9845548284470828, 0.984542533210566, 0.9796395987557495, 0.9769053222780938, 0.9673526851236643, 0.9546397295825362, 0.8950666607796539, 0.39611173792729687]
map50: 0.9860361725900927, map50_95: 0.9110433379096197
rss: 0.4002626030225155
最好的测试结果
best_pre: [0.9826670200873564, 0.9824711020963225, 0.9821599382282099, 0.9816874301321871, 0.9806847910016019, 0.9792903158889491, 0.9759481854536654, 0.9692408754076823, 0.9479895356743613, 0.7326871881158451], best_rec50: [0.9981621090091778, 0.997963101704439, 0.9976470312792658, 0.9971670724854842, 0.9961486233377037, 0.9947321595804458, 0.9913373290878441, 0.984524255478554, 0.9629378160704252, 0.7442404944746207]
best_ap: [0.9872164994076521, 0.9872164994076521, 0.9870119479188368, 0.986567341390689, 0.9856194235062623, 0.981882973968873, 0.9768110403167484, 0.9621228700947901, 0.9231431802190543, 0.557637554744181]
best_map50: 0.9872164994076521, best_map50_95: 0.9335229330974739
best_rss: 0.4644280480079406
验证结果为
pre: [0.9842273453549418, 0.9839762611275964, 0.9836338735448528, 0.9833143118009587, 0.9823099748915772, 0.9806665144944077, 0.9776991554439626, 0.9699840219128053, 0.9474777448071217, 0.735836566993837], rec: [0.9985641833213682, 0.9983094416525787, 0.9979620666496839, 0.9976378499803155, 0.9966188833051574, 0.9949514832912624, 0.9919408999328408, 0.9841133832009449, 0.9612792663439939, 0.74655519788796]
ap: [0.9885586057735869, 0.9876538051652098, 0.9867386588970818, 0.9867355787576969, 0.9850926539358812, 0.9838396870473448, 0.9765669749381303, 0.9628373847239875, 0.9204310564567569, 0.5700721753342546]
map50: 0.9885586057735869, map50_95: 0.9348526581029931
rss: 0.45470915550575053
